eps,min_samples,metric,algorithm,n_jobs,max_nbr_values,max_nbr_values_cat,time,silhouette,calinski_harabasz,davies_bouldin,r_score,adj_rand,mut_info_score,adj_mutual_info_score,norm_mutual_info_score,homog_score,complete_score,v_msr_score,fwlks_mallows_score,alg,dataset
0.1,10,correlation,auto,4,1000.0,100,0.0167622566223144,0.0805,110.9911,2.6811,0.5029,-0.013,0.0021,0.0025,0.0033,0.0034,0.0032,0.0033,0.5631,skl_DBSCAN,german_credit_y.zip
0.1,10,correlation,auto,4,1000.0,20,0.0167434215545654,0.0805,110.9911,2.6811,0.5029,-0.013,0.0021,0.0025,0.0033,0.0034,0.0032,0.0033,0.5631,skl_DBSCAN,german_credit_y.zip
0.1,10,correlation,auto,4,100.0,100,0.0144300460815429,0.0803,110.809,2.6825,0.5025,-0.0136,0.0024,0.003,0.0038,0.0039,0.0037,0.0038,0.5628,skl_DBSCAN,german_credit_y.zip
0.1,10,correlation,auto,4,100.0,20,0.0176625251770019,0.0805,110.9911,2.6811,0.5029,-0.013,0.0021,0.0025,0.0033,0.0034,0.0032,0.0033,0.5631,skl_DBSCAN,german_credit_y.zip
0.1,10,correlation,auto,4,20.0,20,0.0241162776947021,0.079,108.8651,2.7296,0.5025,-0.0119,0.0019,0.0022,0.003,0.003,0.0029,0.003,0.5608,skl_DBSCAN,german_credit_y.zip
0.1,10,correlation,auto,4,inf,100,0.0170428752899169,0.0805,110.9911,2.6811,0.5029,-0.013,0.0021,0.0025,0.0033,0.0034,0.0032,0.0033,0.5631,skl_DBSCAN,german_credit_y.zip
0.1,10,correlation,auto,4,inf,20,0.0167975425720214,0.0805,110.9911,2.6811,0.5029,-0.013,0.0021,0.0025,0.0033,0.0034,0.0032,0.0033,0.5631,skl_DBSCAN,german_credit_y.zip
0.1,10,cosine,auto,4,1000.0,100,0.0169615745544433,0.0931,81.7968,3.2391,0.5434,0.0653,0.014,0.022,0.0228,0.0229,0.0226,0.0228,0.6034,skl_DBSCAN,german_credit_y.zip
0.1,10,cosine,auto,4,1000.0,20,0.0217628479003906,0.0931,81.7968,3.2391,0.5434,0.0653,0.014,0.022,0.0228,0.0229,0.0226,0.0228,0.6034,skl_DBSCAN,german_credit_y.zip
0.1,10,cosine,auto,4,100.0,100,0.0130848884582519,0.093,83.4621,3.2082,0.5422,0.0634,0.0135,0.0212,0.0219,0.0221,0.0218,0.0219,0.6019,skl_DBSCAN,german_credit_y.zip
0.1,10,cosine,auto,4,100.0,20,0.01729416847229,0.0931,81.7968,3.2391,0.5434,0.0653,0.014,0.022,0.0228,0.0229,0.0226,0.0228,0.6034,skl_DBSCAN,german_credit_y.zip
0.1,10,cosine,auto,4,20.0,20,0.0169391632080078,0.0921,78.8887,3.2812,0.5422,0.0615,0.0125,0.0196,0.0204,0.0204,0.0203,0.0204,0.604,skl_DBSCAN,german_credit_y.zip
0.1,10,cosine,auto,4,inf,100,0.0217945575714111,0.0931,81.7968,3.2391,0.5434,0.0653,0.014,0.022,0.0228,0.0229,0.0226,0.0228,0.6034,skl_DBSCAN,german_credit_y.zip
0.1,10,cosine,auto,4,inf,20,0.016172170639038,0.0931,81.7968,3.2391,0.5434,0.0653,0.014,0.022,0.0228,0.0229,0.0226,0.0228,0.6034,skl_DBSCAN,german_credit_y.zip
0.1,10,euclidean,auto,4,1000.0,100,0.0023260116577148,0.0,0.0,0.0,0.5796,0.0,0.0,0.0,0.0,0.0,1.0,0.0,0.7613,skl_DBSCAN,german_credit_y.zip
0.1,10,euclidean,auto,4,1000.0,20,0.0022649765014648,0.0,0.0,0.0,0.5796,0.0,0.0,0.0,0.0,0.0,1.0,0.0,0.7613,skl_DBSCAN,german_credit_y.zip
0.1,10,euclidean,auto,4,100.0,100,0.0023257732391357,0.0,0.0,0.0,0.5796,0.0,0.0,0.0,0.0,0.0,1.0,0.0,0.7613,skl_DBSCAN,german_credit_y.zip
0.1,10,euclidean,auto,4,100.0,20,0.0023188591003417,0.0,0.0,0.0,0.5796,0.0,0.0,0.0,0.0,0.0,1.0,0.0,0.7613,skl_DBSCAN,german_credit_y.zip
0.1,10,euclidean,auto,4,20.0,20,0.0880041122436523,0.0,0.0,0.0,0.5796,0.0,0.0,0.0,0.0,0.0,1.0,0.0,0.7613,skl_DBSCAN,german_credit_y.zip
0.1,10,euclidean,auto,4,inf,100,0.0023419857025146,0.0,0.0,0.0,0.5796,0.0,0.0,0.0,0.0,0.0,1.0,0.0,0.7613,skl_DBSCAN,german_credit_y.zip
0.1,10,euclidean,auto,4,inf,20,0.002288818359375,0.0,0.0,0.0,0.5796,0.0,0.0,0.0,0.0,0.0,1.0,0.0,0.7613,skl_DBSCAN,german_credit_y.zip
0.1,2,correlation,auto,4,1000.0,100,0.0166783332824707,-0.2062,5.2897,1.4602,0.4835,0.0014,0.0527,0.0271,0.0528,0.0863,0.038,0.0528,0.4775,skl_DBSCAN,german_credit_y.zip
0.1,2,correlation,auto,4,1000.0,20,0.0170648097991943,-0.2062,5.2897,1.4602,0.4835,0.0014,0.0527,0.0271,0.0528,0.0863,0.038,0.0528,0.4775,skl_DBSCAN,german_credit_y.zip
0.1,2,correlation,auto,4,100.0,100,0.0172991752624511,-0.207,5.3364,1.4644,0.4842,0.0021,0.0522,0.0274,0.0526,0.0854,0.038,0.0526,0.4789,skl_DBSCAN,german_credit_y.zip
0.1,2,correlation,auto,4,100.0,20,0.0165839195251464,-0.2062,5.2897,1.4602,0.4835,0.0014,0.0527,0.0271,0.0528,0.0863,0.038,0.0528,0.4775,skl_DBSCAN,german_credit_y.zip
0.1,2,correlation,auto,4,20.0,20,0.0233826637268066,-0.2031,5.2213,1.4561,0.483,-0.0006,0.043,0.0173,0.0434,0.0704,0.0314,0.0434,0.4784,skl_DBSCAN,german_credit_y.zip
0.1,2,correlation,auto,4,inf,100,0.0171108245849609,-0.2062,5.2897,1.4602,0.4835,0.0014,0.0527,0.0271,0.0528,0.0863,0.038,0.0528,0.4775,skl_DBSCAN,german_credit_y.zip
0.1,2,correlation,auto,4,inf,20,0.0163590908050537,-0.2062,5.2897,1.4602,0.4835,0.0014,0.0527,0.0271,0.0528,0.0863,0.038,0.0528,0.4775,skl_DBSCAN,german_credit_y.zip
0.1,2,cosine,auto,4,1000.0,100,0.0228126049041748,-0.0828,7.9534,1.7862,0.5665,0.0678,0.0172,0.0217,0.0302,0.0282,0.0326,0.0302,0.6702,skl_DBSCAN,german_credit_y.zip
0.1,2,cosine,auto,4,1000.0,20,0.0211009979248046,-0.0828,7.9534,1.7862,0.5665,0.0678,0.0172,0.0217,0.0302,0.0282,0.0326,0.0302,0.6702,skl_DBSCAN,german_credit_y.zip
0.1,2,cosine,auto,4,100.0,100,0.0133695602416992,-0.0827,8.0586,1.7713,0.5672,0.069,0.0175,0.0222,0.0308,0.0286,0.0333,0.0308,0.6712,skl_DBSCAN,german_credit_y.zip
0.1,2,cosine,auto,4,100.0,20,0.021935224533081,-0.0828,7.9534,1.7862,0.5665,0.0678,0.0172,0.0217,0.0302,0.0282,0.0326,0.0302,0.6702,skl_DBSCAN,german_credit_y.zip
0.1,2,cosine,auto,4,20.0,20,0.0365219116210937,-0.0799,8.5906,1.831,0.5734,0.0845,0.0225,0.0306,0.0388,0.0369,0.041,0.0388,0.6739,skl_DBSCAN,german_credit_y.zip
0.1,2,cosine,auto,4,inf,100,0.0134124755859375,-0.0828,7.9534,1.7862,0.5665,0.0678,0.0172,0.0217,0.0302,0.0282,0.0326,0.0302,0.6702,skl_DBSCAN,german_credit_y.zip
0.1,2,cosine,auto,4,inf,20,0.0153303146362304,-0.0828,7.9534,1.7862,0.5665,0.0678,0.0172,0.0217,0.0302,0.0282,0.0326,0.0302,0.6702,skl_DBSCAN,german_credit_y.zip
0.1,2,euclidean,auto,4,1000.0,100,0.0023224353790283,0.0,0.0,0.0,0.5796,0.0,0.0,0.0,0.0,0.0,1.0,0.0,0.7613,skl_DBSCAN,german_credit_y.zip
0.1,2,euclidean,auto,4,1000.0,20,0.0022969245910644,0.0,0.0,0.0,0.5796,0.0,0.0,0.0,0.0,0.0,1.0,0.0,0.7613,skl_DBSCAN,german_credit_y.zip
0.1,2,euclidean,auto,4,100.0,100,0.0023596286773681,0.0,0.0,0.0,0.5796,0.0,0.0,0.0,0.0,0.0,1.0,0.0,0.7613,skl_DBSCAN,german_credit_y.zip
0.1,2,euclidean,auto,4,100.0,20,0.0023179054260253,0.0,0.0,0.0,0.5796,0.0,0.0,0.0,0.0,0.0,1.0,0.0,0.7613,skl_DBSCAN,german_credit_y.zip
0.1,2,euclidean,auto,4,20.0,20,0.0024182796478271,0.0379,2.3598,0.9146,0.578,-0.0023,0.0007,0.0002,0.0023,0.0012,0.0495,0.0023,0.7591,skl_DBSCAN,german_credit_y.zip
0.1,2,euclidean,auto,4,inf,100,0.0022802352905273,0.0,0.0,0.0,0.5796,0.0,0.0,0.0,0.0,0.0,1.0,0.0,0.7613,skl_DBSCAN,german_credit_y.zip
0.1,2,euclidean,auto,4,inf,20,0.071213960647583,0.0,0.0,0.0,0.5796,0.0,0.0,0.0,0.0,0.0,1.0,0.0,0.7613,skl_DBSCAN,german_credit_y.zip
0.1,5,correlation,auto,4,1000.0,100,0.0218620300292968,-0.0769,29.0757,2.1736,0.4937,-0.0113,0.0107,0.0122,0.0155,0.0175,0.0139,0.0155,0.5308,skl_DBSCAN,german_credit_y.zip
0.1,5,correlation,auto,4,1000.0,20,0.0190577507019042,-0.0769,29.0757,2.1736,0.4937,-0.0113,0.0107,0.0122,0.0155,0.0175,0.0139,0.0155,0.5308,skl_DBSCAN,german_credit_y.zip
0.1,5,correlation,auto,4,100.0,100,0.0164811611175537,-0.0772,28.8618,2.178,0.4938,-0.0113,0.011,0.0127,0.0159,0.018,0.0143,0.0159,0.531,skl_DBSCAN,german_credit_y.zip
0.1,5,correlation,auto,4,100.0,20,0.0225133895874023,-0.0769,29.0757,2.1736,0.4937,-0.0113,0.0107,0.0122,0.0155,0.0175,0.0139,0.0155,0.5308,skl_DBSCAN,german_credit_y.zip
0.1,5,correlation,auto,4,20.0,20,0.0133888721466064,-0.1176,23.32,2.138,0.4928,-0.0113,0.0117,0.0126,0.0167,0.0191,0.0148,0.0167,0.5277,skl_DBSCAN,german_credit_y.zip
0.1,5,correlation,auto,4,inf,100,0.0155503749847412,-0.0769,29.0757,2.1736,0.4937,-0.0113,0.0107,0.0122,0.0155,0.0175,0.0139,0.0155,0.5308,skl_DBSCAN,german_credit_y.zip
0.1,5,correlation,auto,4,inf,20,0.0179579257965087,-0.0769,29.0757,2.1736,0.4937,-0.0113,0.0107,0.0122,0.0155,0.0175,0.0139,0.0155,0.5308,skl_DBSCAN,german_credit_y.zip
0.1,5,cosine,auto,4,1000.0,100,0.0231170654296875,-0.0308,22.7963,2.5109,0.5658,0.0846,0.016,0.0244,0.0272,0.0262,0.0284,0.0272,0.6516,skl_DBSCAN,german_credit_y.zip
0.1,5,cosine,auto,4,1000.0,20,0.0228960514068603,-0.0308,22.7963,2.5109,0.5658,0.0846,0.016,0.0244,0.0272,0.0262,0.0284,0.0272,0.6516,skl_DBSCAN,german_credit_y.zip
0.1,5,cosine,auto,4,100.0,100,0.01641845703125,-0.0306,23.1807,2.4896,0.5658,0.0846,0.016,0.0244,0.0272,0.0262,0.0284,0.0272,0.6516,skl_DBSCAN,german_credit_y.zip
0.1,5,cosine,auto,4,100.0,20,0.0231051445007324,-0.0308,22.7963,2.5109,0.5658,0.0846,0.016,0.0244,0.0272,0.0262,0.0284,0.0272,0.6516,skl_DBSCAN,german_credit_y.zip
0.1,5,cosine,auto,4,20.0,20,0.0162315368652343,-0.0279,22.6132,2.4821,0.5629,0.0769,0.0143,0.0217,0.0245,0.0234,0.0258,0.0245,0.6508,skl_DBSCAN,german_credit_y.zip
0.1,5,cosine,auto,4,inf,100,0.0374701023101806,-0.0308,22.7963,2.5109,0.5658,0.0846,0.016,0.0244,0.0272,0.0262,0.0284,0.0272,0.6516,skl_DBSCAN,german_credit_y.zip
0.1,5,cosine,auto,4,inf,20,0.0136427879333496,-0.0308,22.7963,2.5109,0.5658,0.0846,0.016,0.0244,0.0272,0.0262,0.0284,0.0272,0.6516,skl_DBSCAN,german_credit_y.zip
0.1,5,euclidean,auto,4,1000.0,100,0.0023155212402343,0.0,0.0,0.0,0.5796,0.0,0.0,0.0,0.0,0.0,1.0,0.0,0.7613,skl_DBSCAN,german_credit_y.zip
0.1,5,euclidean,auto,4,1000.0,20,0.0023407936096191,0.0,0.0,0.0,0.5796,0.0,0.0,0.0,0.0,0.0,1.0,0.0,0.7613,skl_DBSCAN,german_credit_y.zip
0.1,5,euclidean,auto,4,100.0,100,0.0023293495178222,0.0,0.0,0.0,0.5796,0.0,0.0,0.0,0.0,0.0,1.0,0.0,0.7613,skl_DBSCAN,german_credit_y.zip
0.1,5,euclidean,auto,4,100.0,20,0.0023250579833984,0.0,0.0,0.0,0.5796,0.0,0.0,0.0,0.0,0.0,1.0,0.0,0.7613,skl_DBSCAN,german_credit_y.zip
0.1,5,euclidean,auto,4,20.0,20,0.1236171722412109,0.0,0.0,0.0,0.5796,0.0,0.0,0.0,0.0,0.0,1.0,0.0,0.7613,skl_DBSCAN,german_credit_y.zip
0.1,5,euclidean,auto,4,inf,100,0.0023474693298339,0.0,0.0,0.0,0.5796,0.0,0.0,0.0,0.0,0.0,1.0,0.0,0.7613,skl_DBSCAN,german_credit_y.zip
0.1,5,euclidean,auto,4,inf,20,0.0707659721374511,0.0,0.0,0.0,0.5796,0.0,0.0,0.0,0.0,0.0,1.0,0.0,0.7613,skl_DBSCAN,german_credit_y.zip
0.25,10,correlation,auto,4,1000.0,100,0.0142781734466552,0.1269,22.7345,2.7058,0.5853,0.0434,0.0077,0.0182,0.0194,0.0125,0.0432,0.0194,0.7422,skl_DBSCAN,german_credit_y.zip
0.25,10,correlation,auto,4,1000.0,20,0.0177469253540039,0.1269,22.7345,2.7058,0.5853,0.0434,0.0077,0.0182,0.0194,0.0125,0.0432,0.0194,0.7422,skl_DBSCAN,german_credit_y.zip
0.25,10,correlation,auto,4,100.0,100,0.01967453956604,0.1269,22.7345,2.7058,0.5853,0.0434,0.0077,0.0182,0.0194,0.0125,0.0432,0.0194,0.7422,skl_DBSCAN,german_credit_y.zip
0.25,10,correlation,auto,4,100.0,20,0.0177826881408691,0.1269,22.7345,2.7058,0.5853,0.0434,0.0077,0.0182,0.0194,0.0125,0.0432,0.0194,0.7422,skl_DBSCAN,german_credit_y.zip
0.25,10,correlation,auto,4,20.0,20,0.0287282466888427,0.128,23.5387,2.7264,0.5836,0.0409,0.0067,0.0155,0.0167,0.0109,0.0362,0.0167,0.74,skl_DBSCAN,german_credit_y.zip
0.25,10,correlation,auto,4,inf,100,0.0205659866333007,0.1269,22.7345,2.7058,0.5853,0.0434,0.0077,0.0182,0.0194,0.0125,0.0432,0.0194,0.7422,skl_DBSCAN,german_credit_y.zip
0.25,10,correlation,auto,4,inf,20,0.021437644958496,0.1269,22.7345,2.7058,0.5853,0.0434,0.0077,0.0182,0.0194,0.0125,0.0432,0.0194,0.7422,skl_DBSCAN,german_credit_y.zip
0.25,10,cosine,auto,4,1000.0,100,0.0177242755889892,0.1324,2.804,1.3116,0.5812,0.0053,0.0024,0.0057,0.0077,0.0039,0.1672,0.0077,0.7613,skl_DBSCAN,german_credit_y.zip
0.25,10,cosine,auto,4,1000.0,20,0.0280439853668212,0.1324,2.804,1.3116,0.5812,0.0053,0.0024,0.0057,0.0077,0.0039,0.1672,0.0077,0.7613,skl_DBSCAN,german_credit_y.zip
0.25,10,cosine,auto,4,100.0,100,0.019136905670166,0.1324,2.804,1.3116,0.5812,0.0053,0.0024,0.0057,0.0077,0.0039,0.1672,0.0077,0.7613,skl_DBSCAN,german_credit_y.zip
0.25,10,cosine,auto,4,100.0,20,0.0258283615112304,0.1324,2.804,1.3116,0.5812,0.0053,0.0024,0.0057,0.0077,0.0039,0.1672,0.0077,0.7613,skl_DBSCAN,german_credit_y.zip
0.25,10,cosine,auto,4,20.0,20,0.0165755748748779,0.1324,2.804,1.3116,0.5812,0.0053,0.0024,0.0057,0.0077,0.0039,0.1672,0.0077,0.7613,skl_DBSCAN,german_credit_y.zip
0.25,10,cosine,auto,4,inf,100,0.0271861553192138,0.1324,2.804,1.3116,0.5812,0.0053,0.0024,0.0057,0.0077,0.0039,0.1672,0.0077,0.7613,skl_DBSCAN,german_credit_y.zip
0.25,10,cosine,auto,4,inf,20,0.0212368965148925,0.1324,2.804,1.3116,0.5812,0.0053,0.0024,0.0057,0.0077,0.0039,0.1672,0.0077,0.7613,skl_DBSCAN,german_credit_y.zip
0.25,10,euclidean,auto,4,1000.0,100,0.0022780895233154,0.0,0.0,0.0,0.5796,0.0,0.0,0.0,0.0,0.0,1.0,0.0,0.7613,skl_DBSCAN,german_credit_y.zip
0.25,10,euclidean,auto,4,1000.0,20,0.0022828578948974,0.0,0.0,0.0,0.5796,0.0,0.0,0.0,0.0,0.0,1.0,0.0,0.7613,skl_DBSCAN,german_credit_y.zip
0.25,10,euclidean,auto,4,100.0,100,0.0023162364959716,0.0,0.0,0.0,0.5796,0.0,0.0,0.0,0.0,0.0,1.0,0.0,0.7613,skl_DBSCAN,german_credit_y.zip
0.25,10,euclidean,auto,4,100.0,20,0.0023543834686279,0.0,0.0,0.0,0.5796,0.0,0.0,0.0,0.0,0.0,1.0,0.0,0.7613,skl_DBSCAN,german_credit_y.zip
0.25,10,euclidean,auto,4,20.0,20,0.0912909507751464,0.0,0.0,0.0,0.5796,0.0,0.0,0.0,0.0,0.0,1.0,0.0,0.7613,skl_DBSCAN,german_credit_y.zip
0.25,10,euclidean,auto,4,inf,100,0.0023143291473388,0.0,0.0,0.0,0.5796,0.0,0.0,0.0,0.0,0.0,1.0,0.0,0.7613,skl_DBSCAN,german_credit_y.zip
0.25,10,euclidean,auto,4,inf,20,0.0780341625213623,0.0,0.0,0.0,0.5796,0.0,0.0,0.0,0.0,0.0,1.0,0.0,0.7613,skl_DBSCAN,german_credit_y.zip
0.25,2,correlation,auto,4,1000.0,100,0.0183005332946777,0.0262,6.1361,2.2303,0.5844,0.0316,0.0059,0.0109,0.0156,0.0096,0.0408,0.0156,0.7493,skl_DBSCAN,german_credit_y.zip
0.25,2,correlation,auto,4,1000.0,20,0.020479679107666,0.0262,6.1361,2.2303,0.5844,0.0316,0.0059,0.0109,0.0156,0.0096,0.0408,0.0156,0.7493,skl_DBSCAN,german_credit_y.zip
0.25,2,correlation,auto,4,100.0,100,0.0157129764556884,0.0265,6.3254,2.2374,0.5853,0.0342,0.0066,0.0128,0.0175,0.0109,0.0448,0.0175,0.7494,skl_DBSCAN,german_credit_y.zip
0.25,2,correlation,auto,4,100.0,20,0.0210881233215332,0.0262,6.1361,2.2303,0.5844,0.0316,0.0059,0.0109,0.0156,0.0096,0.0408,0.0156,0.7493,skl_DBSCAN,german_credit_y.zip
0.25,2,correlation,auto,4,20.0,20,0.0191648006439209,0.0266,6.287,2.2401,0.5836,0.0304,0.0053,0.0094,0.014,0.0087,0.036,0.014,0.7483,skl_DBSCAN,german_credit_y.zip
0.25,2,correlation,auto,4,inf,100,0.0212218761444091,0.0262,6.1361,2.2303,0.5844,0.0316,0.0059,0.0109,0.0156,0.0096,0.0408,0.0156,0.7493,skl_DBSCAN,german_credit_y.zip
0.25,2,correlation,auto,4,inf,20,0.0194854736328125,0.0262,6.1361,2.2303,0.5844,0.0316,0.0059,0.0109,0.0156,0.0096,0.0408,0.0156,0.7493,skl_DBSCAN,german_credit_y.zip
0.25,2,cosine,auto,4,1000.0,100,0.0159878730773925,0.1324,2.804,1.3116,0.5812,0.0053,0.0024,0.0057,0.0077,0.0039,0.1672,0.0077,0.7613,skl_DBSCAN,german_credit_y.zip
0.25,2,cosine,auto,4,1000.0,20,0.0155880451202392,0.1324,2.804,1.3116,0.5812,0.0053,0.0024,0.0057,0.0077,0.0039,0.1672,0.0077,0.7613,skl_DBSCAN,german_credit_y.zip
0.25,2,cosine,auto,4,100.0,100,0.0206673145294189,0.1324,2.804,1.3116,0.5812,0.0053,0.0024,0.0057,0.0077,0.0039,0.1672,0.0077,0.7613,skl_DBSCAN,german_credit_y.zip
0.25,2,cosine,auto,4,100.0,20,0.0155863761901855,0.1324,2.804,1.3116,0.5812,0.0053,0.0024,0.0057,0.0077,0.0039,0.1672,0.0077,0.7613,skl_DBSCAN,german_credit_y.zip
0.25,2,cosine,auto,4,20.0,20,0.0283272266387939,0.1324,2.804,1.3116,0.5812,0.0053,0.0024,0.0057,0.0077,0.0039,0.1672,0.0077,0.7613,skl_DBSCAN,german_credit_y.zip
0.25,2,cosine,auto,4,inf,100,0.0156066417694091,0.1324,2.804,1.3116,0.5812,0.0053,0.0024,0.0057,0.0077,0.0039,0.1672,0.0077,0.7613,skl_DBSCAN,german_credit_y.zip
0.25,2,cosine,auto,4,inf,20,0.0185713768005371,0.1324,2.804,1.3116,0.5812,0.0053,0.0024,0.0057,0.0077,0.0039,0.1672,0.0077,0.7613,skl_DBSCAN,german_credit_y.zip
0.25,2,euclidean,auto,4,1000.0,100,0.0023019313812255,0.0379,2.3598,0.9146,0.578,-0.0023,0.0007,0.0002,0.0023,0.0012,0.0495,0.0023,0.7591,skl_DBSCAN,german_credit_y.zip
0.25,2,euclidean,auto,4,1000.0,20,0.0022985935211181,0.0379,2.3598,0.9146,0.578,-0.0023,0.0007,0.0002,0.0023,0.0012,0.0495,0.0023,0.7591,skl_DBSCAN,german_credit_y.zip
0.25,2,euclidean,auto,4,100.0,100,0.0022718906402587,0.0379,2.3598,0.9146,0.578,-0.0023,0.0007,0.0002,0.0023,0.0012,0.0495,0.0023,0.7591,skl_DBSCAN,german_credit_y.zip
0.25,2,euclidean,auto,4,100.0,20,0.0022621154785156,0.0379,2.3598,0.9146,0.578,-0.0023,0.0007,0.0002,0.0023,0.0012,0.0495,0.0023,0.7591,skl_DBSCAN,german_credit_y.zip
0.25,2,euclidean,auto,4,20.0,20,0.0731096267700195,0.0379,2.3598,0.9146,0.578,-0.0023,0.0007,0.0002,0.0023,0.0012,0.0495,0.0023,0.7591,skl_DBSCAN,german_credit_y.zip
0.25,2,euclidean,auto,4,inf,100,0.0022861957550048,0.0379,2.3598,0.9146,0.578,-0.0023,0.0007,0.0002,0.0023,0.0012,0.0495,0.0023,0.7591,skl_DBSCAN,german_credit_y.zip
0.25,2,euclidean,auto,4,inf,20,0.0790045261383056,0.0379,2.3598,0.9146,0.578,-0.0023,0.0007,0.0002,0.0023,0.0012,0.0495,0.0023,0.7591,skl_DBSCAN,german_credit_y.zip
0.25,5,correlation,auto,4,1000.0,100,0.0220234394073486,0.1261,17.6215,2.6948,0.5853,0.0369,0.0068,0.0168,0.0181,0.0112,0.0472,0.0181,0.7474,skl_DBSCAN,german_credit_y.zip
0.25,5,correlation,auto,4,1000.0,20,0.021047830581665,0.1261,17.6215,2.6948,0.5853,0.0369,0.0068,0.0168,0.0181,0.0112,0.0472,0.0181,0.7474,skl_DBSCAN,german_credit_y.zip
0.25,5,correlation,auto,4,100.0,100,0.0209255218505859,0.1261,17.6215,2.6948,0.5853,0.0369,0.0068,0.0168,0.0181,0.0112,0.0472,0.0181,0.7474,skl_DBSCAN,german_credit_y.zip
0.25,5,correlation,auto,4,100.0,20,0.0199460983276367,0.1261,17.6215,2.6948,0.5853,0.0369,0.0068,0.0168,0.0181,0.0112,0.0472,0.0181,0.7474,skl_DBSCAN,german_credit_y.zip
0.25,5,correlation,auto,4,20.0,20,0.0259995460510253,0.127,17.9517,2.7162,0.5845,0.0356,0.0063,0.0152,0.0165,0.0103,0.0423,0.0165,0.7463,skl_DBSCAN,german_credit_y.zip
0.25,5,correlation,auto,4,inf,100,0.0184543132781982,0.1261,17.6215,2.6948,0.5853,0.0369,0.0068,0.0168,0.0181,0.0112,0.0472,0.0181,0.7474,skl_DBSCAN,german_credit_y.zip
0.25,5,correlation,auto,4,inf,20,0.0205011367797851,0.1261,17.6215,2.6948,0.5853,0.0369,0.0068,0.0168,0.0181,0.0112,0.0472,0.0181,0.7474,skl_DBSCAN,german_credit_y.zip
0.25,5,cosine,auto,4,1000.0,100,0.034224510192871,0.1324,2.804,1.3116,0.5812,0.0053,0.0024,0.0057,0.0077,0.0039,0.1672,0.0077,0.7613,skl_DBSCAN,german_credit_y.zip
0.25,5,cosine,auto,4,1000.0,20,0.0278375148773193,0.1324,2.804,1.3116,0.5812,0.0053,0.0024,0.0057,0.0077,0.0039,0.1672,0.0077,0.7613,skl_DBSCAN,german_credit_y.zip
0.25,5,cosine,auto,4,100.0,100,0.0286259651184082,0.1324,2.804,1.3116,0.5812,0.0053,0.0024,0.0057,0.0077,0.0039,0.1672,0.0077,0.7613,skl_DBSCAN,german_credit_y.zip
0.25,5,cosine,auto,4,100.0,20,0.0334360599517822,0.1324,2.804,1.3116,0.5812,0.0053,0.0024,0.0057,0.0077,0.0039,0.1672,0.0077,0.7613,skl_DBSCAN,german_credit_y.zip
0.25,5,cosine,auto,4,20.0,20,0.0271666049957275,0.1324,2.804,1.3116,0.5812,0.0053,0.0024,0.0057,0.0077,0.0039,0.1672,0.0077,0.7613,skl_DBSCAN,german_credit_y.zip
0.25,5,cosine,auto,4,inf,100,0.0251839160919189,0.1324,2.804,1.3116,0.5812,0.0053,0.0024,0.0057,0.0077,0.0039,0.1672,0.0077,0.7613,skl_DBSCAN,german_credit_y.zip
0.25,5,cosine,auto,4,inf,20,0.0171284675598144,0.1324,2.804,1.3116,0.5812,0.0053,0.0024,0.0057,0.0077,0.0039,0.1672,0.0077,0.7613,skl_DBSCAN,german_credit_y.zip
0.25,5,euclidean,auto,4,1000.0,100,0.0023155212402343,0.0,0.0,0.0,0.5796,0.0,0.0,0.0,0.0,0.0,1.0,0.0,0.7613,skl_DBSCAN,german_credit_y.zip
0.25,5,euclidean,auto,4,1000.0,20,0.0022730827331542,0.0,0.0,0.0,0.5796,0.0,0.0,0.0,0.0,0.0,1.0,0.0,0.7613,skl_DBSCAN,german_credit_y.zip
0.25,5,euclidean,auto,4,100.0,100,0.002335786819458,0.0,0.0,0.0,0.5796,0.0,0.0,0.0,0.0,0.0,1.0,0.0,0.7613,skl_DBSCAN,german_credit_y.zip
0.25,5,euclidean,auto,4,100.0,20,0.0023188591003417,0.0,0.0,0.0,0.5796,0.0,0.0,0.0,0.0,0.0,1.0,0.0,0.7613,skl_DBSCAN,german_credit_y.zip
0.25,5,euclidean,auto,4,20.0,20,0.1181294918060302,0.0,0.0,0.0,0.5796,0.0,0.0,0.0,0.0,0.0,1.0,0.0,0.7613,skl_DBSCAN,german_credit_y.zip
0.25,5,euclidean,auto,4,inf,100,0.0022833347320556,0.0,0.0,0.0,0.5796,0.0,0.0,0.0,0.0,0.0,1.0,0.0,0.7613,skl_DBSCAN,german_credit_y.zip
0.25,5,euclidean,auto,4,inf,20,0.0023114681243896,0.0,0.0,0.0,0.5796,0.0,0.0,0.0,0.0,0.0,1.0,0.0,0.7613,skl_DBSCAN,german_credit_y.zip
0.5,10,correlation,auto,4,1000.0,100,0.0152788162231445,0.0,0.0,0.0,0.5796,0.0,0.0,0.0,0.0,0.0,1.0,0.0,0.7613,skl_DBSCAN,german_credit_y.zip
0.5,10,correlation,auto,4,1000.0,20,0.0154001712799072,0.0,0.0,0.0,0.5796,0.0,0.0,0.0,0.0,0.0,1.0,0.0,0.7613,skl_DBSCAN,german_credit_y.zip
0.5,10,correlation,auto,4,100.0,100,0.0150091648101806,0.0,0.0,0.0,0.5796,0.0,0.0,0.0,0.0,0.0,1.0,0.0,0.7613,skl_DBSCAN,german_credit_y.zip
0.5,10,correlation,auto,4,100.0,20,0.0149703025817871,0.0,0.0,0.0,0.5796,0.0,0.0,0.0,0.0,0.0,1.0,0.0,0.7613,skl_DBSCAN,german_credit_y.zip
0.5,10,correlation,auto,4,20.0,20,0.0335304737091064,0.0,0.0,0.0,0.5796,0.0,0.0,0.0,0.0,0.0,1.0,0.0,0.7613,skl_DBSCAN,german_credit_y.zip
0.5,10,correlation,auto,4,inf,100,0.0205810070037841,0.0,0.0,0.0,0.5796,0.0,0.0,0.0,0.0,0.0,1.0,0.0,0.7613,skl_DBSCAN,german_credit_y.zip
0.5,10,correlation,auto,4,inf,20,0.0230026245117187,0.0,0.0,0.0,0.5796,0.0,0.0,0.0,0.0,0.0,1.0,0.0,0.7613,skl_DBSCAN,german_credit_y.zip
0.5,10,cosine,auto,4,1000.0,100,0.0204942226409912,0.0,0.0,0.0,0.5796,0.0,0.0,0.0,0.0,0.0,1.0,0.0,0.7613,skl_DBSCAN,german_credit_y.zip
0.5,10,cosine,auto,4,1000.0,20,0.0295047760009765,0.0,0.0,0.0,0.5796,0.0,0.0,0.0,0.0,0.0,1.0,0.0,0.7613,skl_DBSCAN,german_credit_y.zip
0.5,10,cosine,auto,4,100.0,100,0.0209226608276367,0.0,0.0,0.0,0.5796,0.0,0.0,0.0,0.0,0.0,1.0,0.0,0.7613,skl_DBSCAN,german_credit_y.zip
0.5,10,cosine,auto,4,100.0,20,0.0198445320129394,0.0,0.0,0.0,0.5796,0.0,0.0,0.0,0.0,0.0,1.0,0.0,0.7613,skl_DBSCAN,german_credit_y.zip
0.5,10,cosine,auto,4,20.0,20,0.0198225975036621,0.0,0.0,0.0,0.5796,0.0,0.0,0.0,0.0,0.0,1.0,0.0,0.7613,skl_DBSCAN,german_credit_y.zip
0.5,10,cosine,auto,4,inf,100,0.0356032848358154,0.0,0.0,0.0,0.5796,0.0,0.0,0.0,0.0,0.0,1.0,0.0,0.7613,skl_DBSCAN,german_credit_y.zip
0.5,10,cosine,auto,4,inf,20,0.0233683586120605,0.0,0.0,0.0,0.5796,0.0,0.0,0.0,0.0,0.0,1.0,0.0,0.7613,skl_DBSCAN,german_credit_y.zip
0.5,10,euclidean,auto,4,1000.0,100,0.0023488998413085,0.0,0.0,0.0,0.5796,0.0,0.0,0.0,0.0,0.0,1.0,0.0,0.7613,skl_DBSCAN,german_credit_y.zip
0.5,10,euclidean,auto,4,1000.0,20,0.0023365020751953,0.0,0.0,0.0,0.5796,0.0,0.0,0.0,0.0,0.0,1.0,0.0,0.7613,skl_DBSCAN,german_credit_y.zip
0.5,10,euclidean,auto,4,100.0,100,0.0022990703582763,0.0,0.0,0.0,0.5796,0.0,0.0,0.0,0.0,0.0,1.0,0.0,0.7613,skl_DBSCAN,german_credit_y.zip
0.5,10,euclidean,auto,4,100.0,20,0.0023159980773925,0.0,0.0,0.0,0.5796,0.0,0.0,0.0,0.0,0.0,1.0,0.0,0.7613,skl_DBSCAN,german_credit_y.zip
0.5,10,euclidean,auto,4,20.0,20,0.0024075508117675,0.0,0.0,0.0,0.5796,0.0,0.0,0.0,0.0,0.0,1.0,0.0,0.7613,skl_DBSCAN,german_credit_y.zip
0.5,10,euclidean,auto,4,inf,100,0.0023355484008789,0.0,0.0,0.0,0.5796,0.0,0.0,0.0,0.0,0.0,1.0,0.0,0.7613,skl_DBSCAN,german_credit_y.zip
0.5,10,euclidean,auto,4,inf,20,0.0023655891418457,0.0,0.0,0.0,0.5796,0.0,0.0,0.0,0.0,0.0,1.0,0.0,0.7613,skl_DBSCAN,german_credit_y.zip
0.5,2,correlation,auto,4,1000.0,100,0.0152299404144287,0.0,0.0,0.0,0.5796,0.0,0.0,0.0,0.0,0.0,1.0,0.0,0.7613,skl_DBSCAN,german_credit_y.zip
0.5,2,correlation,auto,4,1000.0,20,0.0155415534973144,0.0,0.0,0.0,0.5796,0.0,0.0,0.0,0.0,0.0,1.0,0.0,0.7613,skl_DBSCAN,german_credit_y.zip
0.5,2,correlation,auto,4,100.0,100,0.0149683952331542,0.0,0.0,0.0,0.5796,0.0,0.0,0.0,0.0,0.0,1.0,0.0,0.7613,skl_DBSCAN,german_credit_y.zip
0.5,2,correlation,auto,4,100.0,20,0.0154230594635009,0.0,0.0,0.0,0.5796,0.0,0.0,0.0,0.0,0.0,1.0,0.0,0.7613,skl_DBSCAN,german_credit_y.zip
0.5,2,correlation,auto,4,20.0,20,0.0254440307617187,0.0,0.0,0.0,0.5796,0.0,0.0,0.0,0.0,0.0,1.0,0.0,0.7613,skl_DBSCAN,german_credit_y.zip
0.5,2,correlation,auto,4,inf,100,0.0205051898956298,0.0,0.0,0.0,0.5796,0.0,0.0,0.0,0.0,0.0,1.0,0.0,0.7613,skl_DBSCAN,german_credit_y.zip
0.5,2,correlation,auto,4,inf,20,0.024738073348999,0.0,0.0,0.0,0.5796,0.0,0.0,0.0,0.0,0.0,1.0,0.0,0.7613,skl_DBSCAN,german_credit_y.zip
0.5,2,cosine,auto,4,1000.0,100,0.0168118476867675,0.0,0.0,0.0,0.5796,0.0,0.0,0.0,0.0,0.0,1.0,0.0,0.7613,skl_DBSCAN,german_credit_y.zip
0.5,2,cosine,auto,4,1000.0,20,0.0168385505676269,0.0,0.0,0.0,0.5796,0.0,0.0,0.0,0.0,0.0,1.0,0.0,0.7613,skl_DBSCAN,german_credit_y.zip
0.5,2,cosine,auto,4,100.0,100,0.0203120708465576,0.0,0.0,0.0,0.5796,0.0,0.0,0.0,0.0,0.0,1.0,0.0,0.7613,skl_DBSCAN,german_credit_y.zip
0.5,2,cosine,auto,4,100.0,20,0.0195062160491943,0.0,0.0,0.0,0.5796,0.0,0.0,0.0,0.0,0.0,1.0,0.0,0.7613,skl_DBSCAN,german_credit_y.zip
0.5,2,cosine,auto,4,20.0,20,0.0348832607269287,0.0,0.0,0.0,0.5796,0.0,0.0,0.0,0.0,0.0,1.0,0.0,0.7613,skl_DBSCAN,german_credit_y.zip
0.5,2,cosine,auto,4,inf,100,0.0182926654815673,0.0,0.0,0.0,0.5796,0.0,0.0,0.0,0.0,0.0,1.0,0.0,0.7613,skl_DBSCAN,german_credit_y.zip
0.5,2,cosine,auto,4,inf,20,0.0279829502105712,0.0,0.0,0.0,0.5796,0.0,0.0,0.0,0.0,0.0,1.0,0.0,0.7613,skl_DBSCAN,german_credit_y.zip
0.5,2,euclidean,auto,4,1000.0,100,0.0022933483123779,-0.1537,1.8609,1.0945,0.578,0.0008,0.0038,0.0059,0.0117,0.0063,0.0886,0.0117,0.7569,skl_DBSCAN,german_credit_y.zip
0.5,2,euclidean,auto,4,1000.0,20,0.0023083686828613,-0.1537,1.8609,1.0945,0.578,0.0008,0.0038,0.0059,0.0117,0.0063,0.0886,0.0117,0.7569,skl_DBSCAN,german_credit_y.zip
0.5,2,euclidean,auto,4,100.0,100,0.0022633075714111,-0.1537,1.8609,1.0945,0.578,0.0008,0.0038,0.0059,0.0117,0.0063,0.0886,0.0117,0.7569,skl_DBSCAN,german_credit_y.zip
0.5,2,euclidean,auto,4,100.0,20,0.0022723674774169,-0.1537,1.8609,1.0945,0.578,0.0008,0.0038,0.0059,0.0117,0.0063,0.0886,0.0117,0.7569,skl_DBSCAN,german_credit_y.zip
0.5,2,euclidean,auto,4,20.0,20,0.0672328472137451,-0.1066,2.0335,1.0399,0.5796,0.003,0.0031,0.0058,0.0098,0.0051,0.1082,0.0098,0.7591,skl_DBSCAN,german_credit_y.zip
0.5,2,euclidean,auto,4,inf,100,0.0023286342620849,-0.1537,1.8609,1.0945,0.578,0.0008,0.0038,0.0059,0.0117,0.0063,0.0886,0.0117,0.7569,skl_DBSCAN,german_credit_y.zip
0.5,2,euclidean,auto,4,inf,20,0.0023033618927001,-0.1537,1.8609,1.0945,0.578,0.0008,0.0038,0.0059,0.0117,0.0063,0.0886,0.0117,0.7569,skl_DBSCAN,german_credit_y.zip
0.5,5,correlation,auto,4,1000.0,100,0.0150623321533203,0.0,0.0,0.0,0.5796,0.0,0.0,0.0,0.0,0.0,1.0,0.0,0.7613,skl_DBSCAN,german_credit_y.zip
0.5,5,correlation,auto,4,1000.0,20,0.0150976181030273,0.0,0.0,0.0,0.5796,0.0,0.0,0.0,0.0,0.0,1.0,0.0,0.7613,skl_DBSCAN,german_credit_y.zip
0.5,5,correlation,auto,4,100.0,100,0.0149610042572021,0.0,0.0,0.0,0.5796,0.0,0.0,0.0,0.0,0.0,1.0,0.0,0.7613,skl_DBSCAN,german_credit_y.zip
0.5,5,correlation,auto,4,100.0,20,0.0152561664581298,0.0,0.0,0.0,0.5796,0.0,0.0,0.0,0.0,0.0,1.0,0.0,0.7613,skl_DBSCAN,german_credit_y.zip
0.5,5,correlation,auto,4,20.0,20,0.0320785045623779,0.0,0.0,0.0,0.5796,0.0,0.0,0.0,0.0,0.0,1.0,0.0,0.7613,skl_DBSCAN,german_credit_y.zip
0.5,5,correlation,auto,4,inf,100,0.0205700397491455,0.0,0.0,0.0,0.5796,0.0,0.0,0.0,0.0,0.0,1.0,0.0,0.7613,skl_DBSCAN,german_credit_y.zip
0.5,5,correlation,auto,4,inf,20,0.0202724933624267,0.0,0.0,0.0,0.5796,0.0,0.0,0.0,0.0,0.0,1.0,0.0,0.7613,skl_DBSCAN,german_credit_y.zip
0.5,5,cosine,auto,4,1000.0,100,0.0246315002441406,0.0,0.0,0.0,0.5796,0.0,0.0,0.0,0.0,0.0,1.0,0.0,0.7613,skl_DBSCAN,german_credit_y.zip
0.5,5,cosine,auto,4,1000.0,20,0.0340049266815185,0.0,0.0,0.0,0.5796,0.0,0.0,0.0,0.0,0.0,1.0,0.0,0.7613,skl_DBSCAN,german_credit_y.zip
0.5,5,cosine,auto,4,100.0,100,0.0236806869506835,0.0,0.0,0.0,0.5796,0.0,0.0,0.0,0.0,0.0,1.0,0.0,0.7613,skl_DBSCAN,german_credit_y.zip
0.5,5,cosine,auto,4,100.0,20,0.0182979106903076,0.0,0.0,0.0,0.5796,0.0,0.0,0.0,0.0,0.0,1.0,0.0,0.7613,skl_DBSCAN,german_credit_y.zip
0.5,5,cosine,auto,4,20.0,20,0.0198285579681396,0.0,0.0,0.0,0.5796,0.0,0.0,0.0,0.0,0.0,1.0,0.0,0.7613,skl_DBSCAN,german_credit_y.zip
0.5,5,cosine,auto,4,inf,100,0.0448329448699951,0.0,0.0,0.0,0.5796,0.0,0.0,0.0,0.0,0.0,1.0,0.0,0.7613,skl_DBSCAN,german_credit_y.zip
0.5,5,cosine,auto,4,inf,20,0.0307354927062988,0.0,0.0,0.0,0.5796,0.0,0.0,0.0,0.0,0.0,1.0,0.0,0.7613,skl_DBSCAN,german_credit_y.zip
0.5,5,euclidean,auto,4,1000.0,100,0.0023396015167236,0.0,0.0,0.0,0.5796,0.0,0.0,0.0,0.0,0.0,1.0,0.0,0.7613,skl_DBSCAN,german_credit_y.zip
0.5,5,euclidean,auto,4,1000.0,20,0.0023517608642578,0.0,0.0,0.0,0.5796,0.0,0.0,0.0,0.0,0.0,1.0,0.0,0.7613,skl_DBSCAN,german_credit_y.zip
0.5,5,euclidean,auto,4,100.0,100,0.0024101734161376,0.0,0.0,0.0,0.5796,0.0,0.0,0.0,0.0,0.0,1.0,0.0,0.7613,skl_DBSCAN,german_credit_y.zip
0.5,5,euclidean,auto,4,100.0,20,0.0023324489593505,0.0,0.0,0.0,0.5796,0.0,0.0,0.0,0.0,0.0,1.0,0.0,0.7613,skl_DBSCAN,german_credit_y.zip
0.5,5,euclidean,auto,4,20.0,20,0.0023813247680664,0.0,0.0,0.0,0.5796,0.0,0.0,0.0,0.0,0.0,1.0,0.0,0.7613,skl_DBSCAN,german_credit_y.zip
0.5,5,euclidean,auto,4,inf,100,0.0023226737976074,0.0,0.0,0.0,0.5796,0.0,0.0,0.0,0.0,0.0,1.0,0.0,0.7613,skl_DBSCAN,german_credit_y.zip
0.5,5,euclidean,auto,4,inf,20,0.00234055519104,0.0,0.0,0.0,0.5796,0.0,0.0,0.0,0.0,0.0,1.0,0.0,0.7613,skl_DBSCAN,german_credit_y.zip
0.75,10,correlation,auto,4,1000.0,100,0.0152108669281005,0.0,0.0,0.0,0.5796,0.0,0.0,0.0,0.0,0.0,1.0,0.0,0.7613,skl_DBSCAN,german_credit_y.zip
0.75,10,correlation,auto,4,1000.0,20,0.0154035091400146,0.0,0.0,0.0,0.5796,0.0,0.0,0.0,0.0,0.0,1.0,0.0,0.7613,skl_DBSCAN,german_credit_y.zip
0.75,10,correlation,auto,4,100.0,100,0.0191333293914794,0.0,0.0,0.0,0.5796,0.0,0.0,0.0,0.0,0.0,1.0,0.0,0.7613,skl_DBSCAN,german_credit_y.zip
0.75,10,correlation,auto,4,100.0,20,0.0162351131439209,0.0,0.0,0.0,0.5796,0.0,0.0,0.0,0.0,0.0,1.0,0.0,0.7613,skl_DBSCAN,german_credit_y.zip
0.75,10,correlation,auto,4,20.0,20,0.0346803665161132,0.0,0.0,0.0,0.5796,0.0,0.0,0.0,0.0,0.0,1.0,0.0,0.7613,skl_DBSCAN,german_credit_y.zip
0.75,10,correlation,auto,4,inf,100,0.0207607746124267,0.0,0.0,0.0,0.5796,0.0,0.0,0.0,0.0,0.0,1.0,0.0,0.7613,skl_DBSCAN,german_credit_y.zip
0.75,10,correlation,auto,4,inf,20,0.02378511428833,0.0,0.0,0.0,0.5796,0.0,0.0,0.0,0.0,0.0,1.0,0.0,0.7613,skl_DBSCAN,german_credit_y.zip
0.75,10,cosine,auto,4,1000.0,100,0.0252630710601806,0.0,0.0,0.0,0.5796,0.0,0.0,0.0,0.0,0.0,1.0,0.0,0.7613,skl_DBSCAN,german_credit_y.zip
0.75,10,cosine,auto,4,1000.0,20,0.0244834423065185,0.0,0.0,0.0,0.5796,0.0,0.0,0.0,0.0,0.0,1.0,0.0,0.7613,skl_DBSCAN,german_credit_y.zip
0.75,10,cosine,auto,4,100.0,100,0.019449234008789,0.0,0.0,0.0,0.5796,0.0,0.0,0.0,0.0,0.0,1.0,0.0,0.7613,skl_DBSCAN,german_credit_y.zip
0.75,10,cosine,auto,4,100.0,20,0.0189864635467529,0.0,0.0,0.0,0.5796,0.0,0.0,0.0,0.0,0.0,1.0,0.0,0.7613,skl_DBSCAN,german_credit_y.zip
0.75,10,cosine,auto,4,20.0,20,0.0207984447479248,0.0,0.0,0.0,0.5796,0.0,0.0,0.0,0.0,0.0,1.0,0.0,0.7613,skl_DBSCAN,german_credit_y.zip
0.75,10,cosine,auto,4,inf,100,0.0303578376770019,0.0,0.0,0.0,0.5796,0.0,0.0,0.0,0.0,0.0,1.0,0.0,0.7613,skl_DBSCAN,german_credit_y.zip
0.75,10,cosine,auto,4,inf,20,0.0190653800964355,0.0,0.0,0.0,0.5796,0.0,0.0,0.0,0.0,0.0,1.0,0.0,0.7613,skl_DBSCAN,german_credit_y.zip
0.75,10,euclidean,auto,4,1000.0,100,0.0023400783538818,0.0,0.0,0.0,0.5796,0.0,0.0,0.0,0.0,0.0,1.0,0.0,0.7613,skl_DBSCAN,german_credit_y.zip
0.75,10,euclidean,auto,4,1000.0,20,0.0023314952850341,0.0,0.0,0.0,0.5796,0.0,0.0,0.0,0.0,0.0,1.0,0.0,0.7613,skl_DBSCAN,german_credit_y.zip
0.75,10,euclidean,auto,4,100.0,100,0.0023186206817626,0.0,0.0,0.0,0.5796,0.0,0.0,0.0,0.0,0.0,1.0,0.0,0.7613,skl_DBSCAN,german_credit_y.zip
0.75,10,euclidean,auto,4,100.0,20,0.0023093223571777,0.0,0.0,0.0,0.5796,0.0,0.0,0.0,0.0,0.0,1.0,0.0,0.7613,skl_DBSCAN,german_credit_y.zip
0.75,10,euclidean,auto,4,20.0,20,0.0024430751800537,0.0,0.0,0.0,0.5796,0.0,0.0,0.0,0.0,0.0,1.0,0.0,0.7613,skl_DBSCAN,german_credit_y.zip
0.75,10,euclidean,auto,4,inf,100,0.0023252964019775,0.0,0.0,0.0,0.5796,0.0,0.0,0.0,0.0,0.0,1.0,0.0,0.7613,skl_DBSCAN,german_credit_y.zip
0.75,10,euclidean,auto,4,inf,20,0.0023298263549804,0.0,0.0,0.0,0.5796,0.0,0.0,0.0,0.0,0.0,1.0,0.0,0.7613,skl_DBSCAN,german_credit_y.zip
0.75,2,correlation,auto,4,1000.0,100,0.015324592590332,0.0,0.0,0.0,0.5796,0.0,0.0,0.0,0.0,0.0,1.0,0.0,0.7613,skl_DBSCAN,german_credit_y.zip
0.75,2,correlation,auto,4,1000.0,20,0.0154578685760498,0.0,0.0,0.0,0.5796,0.0,0.0,0.0,0.0,0.0,1.0,0.0,0.7613,skl_DBSCAN,german_credit_y.zip
0.75,2,correlation,auto,4,100.0,100,0.0154697895050048,0.0,0.0,0.0,0.5796,0.0,0.0,0.0,0.0,0.0,1.0,0.0,0.7613,skl_DBSCAN,german_credit_y.zip
0.75,2,correlation,auto,4,100.0,20,0.0155208110809326,0.0,0.0,0.0,0.5796,0.0,0.0,0.0,0.0,0.0,1.0,0.0,0.7613,skl_DBSCAN,german_credit_y.zip
0.75,2,correlation,auto,4,20.0,20,0.0279607772827148,0.0,0.0,0.0,0.5796,0.0,0.0,0.0,0.0,0.0,1.0,0.0,0.7613,skl_DBSCAN,german_credit_y.zip
0.75,2,correlation,auto,4,inf,100,0.0164377689361572,0.0,0.0,0.0,0.5796,0.0,0.0,0.0,0.0,0.0,1.0,0.0,0.7613,skl_DBSCAN,german_credit_y.zip
0.75,2,correlation,auto,4,inf,20,0.0272109508514404,0.0,0.0,0.0,0.5796,0.0,0.0,0.0,0.0,0.0,1.0,0.0,0.7613,skl_DBSCAN,german_credit_y.zip
0.75,2,cosine,auto,4,1000.0,100,0.0160951614379882,0.0,0.0,0.0,0.5796,0.0,0.0,0.0,0.0,0.0,1.0,0.0,0.7613,skl_DBSCAN,german_credit_y.zip
0.75,2,cosine,auto,4,1000.0,20,0.0162489414215087,0.0,0.0,0.0,0.5796,0.0,0.0,0.0,0.0,0.0,1.0,0.0,0.7613,skl_DBSCAN,german_credit_y.zip
0.75,2,cosine,auto,4,100.0,100,0.018662691116333,0.0,0.0,0.0,0.5796,0.0,0.0,0.0,0.0,0.0,1.0,0.0,0.7613,skl_DBSCAN,german_credit_y.zip
0.75,2,cosine,auto,4,100.0,20,0.0164265632629394,0.0,0.0,0.0,0.5796,0.0,0.0,0.0,0.0,0.0,1.0,0.0,0.7613,skl_DBSCAN,german_credit_y.zip
0.75,2,cosine,auto,4,20.0,20,0.0277028083801269,0.0,0.0,0.0,0.5796,0.0,0.0,0.0,0.0,0.0,1.0,0.0,0.7613,skl_DBSCAN,german_credit_y.zip
0.75,2,cosine,auto,4,inf,100,0.0161600112915039,0.0,0.0,0.0,0.5796,0.0,0.0,0.0,0.0,0.0,1.0,0.0,0.7613,skl_DBSCAN,german_credit_y.zip
0.75,2,cosine,auto,4,inf,20,0.0171959400177001,0.0,0.0,0.0,0.5796,0.0,0.0,0.0,0.0,0.0,1.0,0.0,0.7613,skl_DBSCAN,german_credit_y.zip
0.75,2,euclidean,auto,4,1000.0,100,0.0022985935211181,-0.1537,1.8609,1.0945,0.578,0.0008,0.0038,0.0059,0.0117,0.0063,0.0886,0.0117,0.7569,skl_DBSCAN,german_credit_y.zip
0.75,2,euclidean,auto,4,1000.0,20,0.002310037612915,-0.1537,1.8609,1.0945,0.578,0.0008,0.0038,0.0059,0.0117,0.0063,0.0886,0.0117,0.7569,skl_DBSCAN,german_credit_y.zip
0.75,2,euclidean,auto,4,100.0,100,0.0022792816162109,-0.1537,1.8609,1.0945,0.578,0.0008,0.0038,0.0059,0.0117,0.0063,0.0886,0.0117,0.7569,skl_DBSCAN,german_credit_y.zip
0.75,2,euclidean,auto,4,100.0,20,0.0022871494293212,-0.1537,1.8609,1.0945,0.578,0.0008,0.0038,0.0059,0.0117,0.0063,0.0886,0.0117,0.7569,skl_DBSCAN,german_credit_y.zip
0.75,2,euclidean,auto,4,20.0,20,0.0024483203887939,-0.1537,1.8609,1.0945,0.578,0.0008,0.0038,0.0059,0.0117,0.0063,0.0886,0.0117,0.7569,skl_DBSCAN,german_credit_y.zip
0.75,2,euclidean,auto,4,inf,100,0.002307653427124,-0.1537,1.8609,1.0945,0.578,0.0008,0.0038,0.0059,0.0117,0.0063,0.0886,0.0117,0.7569,skl_DBSCAN,german_credit_y.zip
0.75,2,euclidean,auto,4,inf,20,0.0023667812347412,-0.1537,1.8609,1.0945,0.578,0.0008,0.0038,0.0059,0.0117,0.0063,0.0886,0.0117,0.7569,skl_DBSCAN,german_credit_y.zip
0.75,5,correlation,auto,4,1000.0,100,0.0152761936187744,0.0,0.0,0.0,0.5796,0.0,0.0,0.0,0.0,0.0,1.0,0.0,0.7613,skl_DBSCAN,german_credit_y.zip
0.75,5,correlation,auto,4,1000.0,20,0.015481948852539,0.0,0.0,0.0,0.5796,0.0,0.0,0.0,0.0,0.0,1.0,0.0,0.7613,skl_DBSCAN,german_credit_y.zip
0.75,5,correlation,auto,4,100.0,100,0.0149931907653808,0.0,0.0,0.0,0.5796,0.0,0.0,0.0,0.0,0.0,1.0,0.0,0.7613,skl_DBSCAN,german_credit_y.zip
0.75,5,correlation,auto,4,100.0,20,0.0149793624877929,0.0,0.0,0.0,0.5796,0.0,0.0,0.0,0.0,0.0,1.0,0.0,0.7613,skl_DBSCAN,german_credit_y.zip
0.75,5,correlation,auto,4,20.0,20,0.0370569229125976,0.0,0.0,0.0,0.5796,0.0,0.0,0.0,0.0,0.0,1.0,0.0,0.7613,skl_DBSCAN,german_credit_y.zip
0.75,5,correlation,auto,4,inf,100,0.0207555294036865,0.0,0.0,0.0,0.5796,0.0,0.0,0.0,0.0,0.0,1.0,0.0,0.7613,skl_DBSCAN,german_credit_y.zip
0.75,5,correlation,auto,4,inf,20,0.0207471847534179,0.0,0.0,0.0,0.5796,0.0,0.0,0.0,0.0,0.0,1.0,0.0,0.7613,skl_DBSCAN,german_credit_y.zip
0.75,5,cosine,auto,4,1000.0,100,0.0204787254333496,0.0,0.0,0.0,0.5796,0.0,0.0,0.0,0.0,0.0,1.0,0.0,0.7613,skl_DBSCAN,german_credit_y.zip
0.75,5,cosine,auto,4,1000.0,20,0.0323576927185058,0.0,0.0,0.0,0.5796,0.0,0.0,0.0,0.0,0.0,1.0,0.0,0.7613,skl_DBSCAN,german_credit_y.zip
0.75,5,cosine,auto,4,100.0,100,0.0221476554870605,0.0,0.0,0.0,0.5796,0.0,0.0,0.0,0.0,0.0,1.0,0.0,0.7613,skl_DBSCAN,german_credit_y.zip
0.75,5,cosine,auto,4,100.0,20,0.0266840457916259,0.0,0.0,0.0,0.5796,0.0,0.0,0.0,0.0,0.0,1.0,0.0,0.7613,skl_DBSCAN,german_credit_y.zip
0.75,5,cosine,auto,4,20.0,20,0.0270502567291259,0.0,0.0,0.0,0.5796,0.0,0.0,0.0,0.0,0.0,1.0,0.0,0.7613,skl_DBSCAN,german_credit_y.zip
0.75,5,cosine,auto,4,inf,100,0.0308034420013427,0.0,0.0,0.0,0.5796,0.0,0.0,0.0,0.0,0.0,1.0,0.0,0.7613,skl_DBSCAN,german_credit_y.zip
0.75,5,cosine,auto,4,inf,20,0.020606517791748,0.0,0.0,0.0,0.5796,0.0,0.0,0.0,0.0,0.0,1.0,0.0,0.7613,skl_DBSCAN,german_credit_y.zip
0.75,5,euclidean,auto,4,1000.0,100,0.0023293495178222,0.0,0.0,0.0,0.5796,0.0,0.0,0.0,0.0,0.0,1.0,0.0,0.7613,skl_DBSCAN,german_credit_y.zip
0.75,5,euclidean,auto,4,1000.0,20,0.0023138523101806,0.0,0.0,0.0,0.5796,0.0,0.0,0.0,0.0,0.0,1.0,0.0,0.7613,skl_DBSCAN,german_credit_y.zip
0.75,5,euclidean,auto,4,100.0,100,0.0023226737976074,0.0,0.0,0.0,0.5796,0.0,0.0,0.0,0.0,0.0,1.0,0.0,0.7613,skl_DBSCAN,german_credit_y.zip
0.75,5,euclidean,auto,4,100.0,20,0.002331256866455,0.0,0.0,0.0,0.5796,0.0,0.0,0.0,0.0,0.0,1.0,0.0,0.7613,skl_DBSCAN,german_credit_y.zip
0.75,5,euclidean,auto,4,20.0,20,0.0023934841156005,0.0,0.0,0.0,0.5796,0.0,0.0,0.0,0.0,0.0,1.0,0.0,0.7613,skl_DBSCAN,german_credit_y.zip
0.75,5,euclidean,auto,4,inf,100,0.0023255348205566,0.0,0.0,0.0,0.5796,0.0,0.0,0.0,0.0,0.0,1.0,0.0,0.7613,skl_DBSCAN,german_credit_y.zip
0.75,5,euclidean,auto,4,inf,20,0.0039923191070556,0.0,0.0,0.0,0.5796,0.0,0.0,0.0,0.0,0.0,1.0,0.0,0.7613,skl_DBSCAN,german_credit_y.zip
1.0,10,correlation,auto,4,1000.0,100,0.0142245292663574,0.0,0.0,0.0,0.5796,0.0,0.0,0.0,0.0,0.0,1.0,0.0,0.7613,skl_DBSCAN,german_credit_y.zip
1.0,10,correlation,auto,4,1000.0,20,0.0147655010223388,0.0,0.0,0.0,0.5796,0.0,0.0,0.0,0.0,0.0,1.0,0.0,0.7613,skl_DBSCAN,german_credit_y.zip
1.0,10,correlation,auto,4,100.0,100,0.0146641731262207,0.0,0.0,0.0,0.5796,0.0,0.0,0.0,0.0,0.0,1.0,0.0,0.7613,skl_DBSCAN,german_credit_y.zip
1.0,10,correlation,auto,4,100.0,20,0.0142686367034912,0.0,0.0,0.0,0.5796,0.0,0.0,0.0,0.0,0.0,1.0,0.0,0.7613,skl_DBSCAN,german_credit_y.zip
1.0,10,correlation,auto,4,20.0,20,0.0284714698791503,0.0,0.0,0.0,0.5796,0.0,0.0,0.0,0.0,0.0,1.0,0.0,0.7613,skl_DBSCAN,german_credit_y.zip
1.0,10,correlation,auto,4,inf,100,0.0198671817779541,0.0,0.0,0.0,0.5796,0.0,0.0,0.0,0.0,0.0,1.0,0.0,0.7613,skl_DBSCAN,german_credit_y.zip
1.0,10,correlation,auto,4,inf,20,0.0202798843383789,0.0,0.0,0.0,0.5796,0.0,0.0,0.0,0.0,0.0,1.0,0.0,0.7613,skl_DBSCAN,german_credit_y.zip
1.0,10,cosine,auto,4,1000.0,100,0.0278615951538085,0.0,0.0,0.0,0.5796,0.0,0.0,0.0,0.0,0.0,1.0,0.0,0.7613,skl_DBSCAN,german_credit_y.zip
1.0,10,cosine,auto,4,1000.0,20,0.0274243354797363,0.0,0.0,0.0,0.5796,0.0,0.0,0.0,0.0,0.0,1.0,0.0,0.7613,skl_DBSCAN,german_credit_y.zip
1.0,10,cosine,auto,4,100.0,100,0.0188391208648681,0.0,0.0,0.0,0.5796,0.0,0.0,0.0,0.0,0.0,1.0,0.0,0.7613,skl_DBSCAN,german_credit_y.zip
1.0,10,cosine,auto,4,100.0,20,0.0259757041931152,0.0,0.0,0.0,0.5796,0.0,0.0,0.0,0.0,0.0,1.0,0.0,0.7613,skl_DBSCAN,german_credit_y.zip
1.0,10,cosine,auto,4,20.0,20,0.0181074142456054,0.0,0.0,0.0,0.5796,0.0,0.0,0.0,0.0,0.0,1.0,0.0,0.7613,skl_DBSCAN,german_credit_y.zip
1.0,10,cosine,auto,4,inf,100,0.0349287986755371,0.0,0.0,0.0,0.5796,0.0,0.0,0.0,0.0,0.0,1.0,0.0,0.7613,skl_DBSCAN,german_credit_y.zip
1.0,10,cosine,auto,4,inf,20,0.0171270370483398,0.0,0.0,0.0,0.5796,0.0,0.0,0.0,0.0,0.0,1.0,0.0,0.7613,skl_DBSCAN,german_credit_y.zip
1.0,10,euclidean,auto,4,1000.0,100,0.0022990703582763,0.0,0.0,0.0,0.5796,0.0,0.0,0.0,0.0,0.0,1.0,0.0,0.7613,skl_DBSCAN,german_credit_y.zip
1.0,10,euclidean,auto,4,1000.0,20,0.0023210048675537,0.0,0.0,0.0,0.5796,0.0,0.0,0.0,0.0,0.0,1.0,0.0,0.7613,skl_DBSCAN,german_credit_y.zip
1.0,10,euclidean,auto,4,100.0,100,0.0023066997528076,0.0,0.0,0.0,0.5796,0.0,0.0,0.0,0.0,0.0,1.0,0.0,0.7613,skl_DBSCAN,german_credit_y.zip
1.0,10,euclidean,auto,4,100.0,20,0.0023057460784912,0.0,0.0,0.0,0.5796,0.0,0.0,0.0,0.0,0.0,1.0,0.0,0.7613,skl_DBSCAN,german_credit_y.zip
1.0,10,euclidean,auto,4,20.0,20,0.0024099349975585,0.0,0.0,0.0,0.5796,0.0,0.0,0.0,0.0,0.0,1.0,0.0,0.7613,skl_DBSCAN,german_credit_y.zip
1.0,10,euclidean,auto,4,inf,100,0.0023345947265625,0.0,0.0,0.0,0.5796,0.0,0.0,0.0,0.0,0.0,1.0,0.0,0.7613,skl_DBSCAN,german_credit_y.zip
1.0,10,euclidean,auto,4,inf,20,0.0022978782653808,0.0,0.0,0.0,0.5796,0.0,0.0,0.0,0.0,0.0,1.0,0.0,0.7613,skl_DBSCAN,german_credit_y.zip
1.0,2,correlation,auto,4,1000.0,100,0.0145709514617919,0.0,0.0,0.0,0.5796,0.0,0.0,0.0,0.0,0.0,1.0,0.0,0.7613,skl_DBSCAN,german_credit_y.zip
1.0,2,correlation,auto,4,1000.0,20,0.0147533416748046,0.0,0.0,0.0,0.5796,0.0,0.0,0.0,0.0,0.0,1.0,0.0,0.7613,skl_DBSCAN,german_credit_y.zip
1.0,2,correlation,auto,4,100.0,100,0.014667272567749,0.0,0.0,0.0,0.5796,0.0,0.0,0.0,0.0,0.0,1.0,0.0,0.7613,skl_DBSCAN,german_credit_y.zip
1.0,2,correlation,auto,4,100.0,20,0.0144438743591308,0.0,0.0,0.0,0.5796,0.0,0.0,0.0,0.0,0.0,1.0,0.0,0.7613,skl_DBSCAN,german_credit_y.zip
1.0,2,correlation,auto,4,20.0,20,0.0237734317779541,0.0,0.0,0.0,0.5796,0.0,0.0,0.0,0.0,0.0,1.0,0.0,0.7613,skl_DBSCAN,german_credit_y.zip
1.0,2,correlation,auto,4,inf,100,0.0214388370513916,0.0,0.0,0.0,0.5796,0.0,0.0,0.0,0.0,0.0,1.0,0.0,0.7613,skl_DBSCAN,german_credit_y.zip
1.0,2,correlation,auto,4,inf,20,0.0200302600860595,0.0,0.0,0.0,0.5796,0.0,0.0,0.0,0.0,0.0,1.0,0.0,0.7613,skl_DBSCAN,german_credit_y.zip
1.0,2,cosine,auto,4,1000.0,100,0.016329288482666,0.0,0.0,0.0,0.5796,0.0,0.0,0.0,0.0,0.0,1.0,0.0,0.7613,skl_DBSCAN,german_credit_y.zip
1.0,2,cosine,auto,4,1000.0,20,0.0160439014434814,0.0,0.0,0.0,0.5796,0.0,0.0,0.0,0.0,0.0,1.0,0.0,0.7613,skl_DBSCAN,german_credit_y.zip
1.0,2,cosine,auto,4,100.0,100,0.0161054134368896,0.0,0.0,0.0,0.5796,0.0,0.0,0.0,0.0,0.0,1.0,0.0,0.7613,skl_DBSCAN,german_credit_y.zip
1.0,2,cosine,auto,4,100.0,20,0.0160498619079589,0.0,0.0,0.0,0.5796,0.0,0.0,0.0,0.0,0.0,1.0,0.0,0.7613,skl_DBSCAN,german_credit_y.zip
1.0,2,cosine,auto,4,20.0,20,0.0266063213348388,0.0,0.0,0.0,0.5796,0.0,0.0,0.0,0.0,0.0,1.0,0.0,0.7613,skl_DBSCAN,german_credit_y.zip
1.0,2,cosine,auto,4,inf,100,0.017977237701416,0.0,0.0,0.0,0.5796,0.0,0.0,0.0,0.0,0.0,1.0,0.0,0.7613,skl_DBSCAN,german_credit_y.zip
1.0,2,cosine,auto,4,inf,20,0.0211811065673828,0.0,0.0,0.0,0.5796,0.0,0.0,0.0,0.0,0.0,1.0,0.0,0.7613,skl_DBSCAN,german_credit_y.zip
1.0,2,euclidean,auto,4,1000.0,100,0.0737745761871337,-0.2621,1.5442,1.2987,0.5733,-0.0059,0.006,0.0062,0.0172,0.0098,0.0691,0.0172,0.7505,skl_DBSCAN,german_credit_y.zip
1.0,2,euclidean,auto,4,1000.0,20,0.0872387886047363,-0.2621,1.5442,1.2987,0.5733,-0.0059,0.006,0.0062,0.0172,0.0098,0.0691,0.0172,0.7505,skl_DBSCAN,german_credit_y.zip
1.0,2,euclidean,auto,4,100.0,100,0.0022695064544677,-0.2621,1.5442,1.2987,0.5733,-0.0059,0.006,0.0062,0.0172,0.0098,0.0691,0.0172,0.7505,skl_DBSCAN,german_credit_y.zip
1.0,2,euclidean,auto,4,100.0,20,0.0855741500854492,-0.2621,1.5442,1.2987,0.5733,-0.0059,0.006,0.0062,0.0172,0.0098,0.0691,0.0172,0.7505,skl_DBSCAN,german_credit_y.zip
1.0,2,euclidean,auto,4,20.0,20,0.0024566650390625,-0.2621,1.5442,1.2987,0.5733,-0.0059,0.006,0.0062,0.0172,0.0098,0.0691,0.0172,0.7505,skl_DBSCAN,german_credit_y.zip
1.0,2,euclidean,auto,4,inf,100,0.0907142162322998,-0.2621,1.5442,1.2987,0.5733,-0.0059,0.006,0.0062,0.0172,0.0098,0.0691,0.0172,0.7505,skl_DBSCAN,german_credit_y.zip
1.0,2,euclidean,auto,4,inf,20,0.0023210048675537,-0.2621,1.5442,1.2987,0.5733,-0.0059,0.006,0.0062,0.0172,0.0098,0.0691,0.0172,0.7505,skl_DBSCAN,german_credit_y.zip
1.0,5,correlation,auto,4,1000.0,100,0.014519453048706,0.0,0.0,0.0,0.5796,0.0,0.0,0.0,0.0,0.0,1.0,0.0,0.7613,skl_DBSCAN,german_credit_y.zip
1.0,5,correlation,auto,4,1000.0,20,0.0166623592376709,0.0,0.0,0.0,0.5796,0.0,0.0,0.0,0.0,0.0,1.0,0.0,0.7613,skl_DBSCAN,german_credit_y.zip
1.0,5,correlation,auto,4,100.0,100,0.014601707458496,0.0,0.0,0.0,0.5796,0.0,0.0,0.0,0.0,0.0,1.0,0.0,0.7613,skl_DBSCAN,german_credit_y.zip
1.0,5,correlation,auto,4,100.0,20,0.0144605636596679,0.0,0.0,0.0,0.5796,0.0,0.0,0.0,0.0,0.0,1.0,0.0,0.7613,skl_DBSCAN,german_credit_y.zip
1.0,5,correlation,auto,4,20.0,20,0.0315523147583007,0.0,0.0,0.0,0.5796,0.0,0.0,0.0,0.0,0.0,1.0,0.0,0.7613,skl_DBSCAN,german_credit_y.zip
1.0,5,correlation,auto,4,inf,100,0.0236842632293701,0.0,0.0,0.0,0.5796,0.0,0.0,0.0,0.0,0.0,1.0,0.0,0.7613,skl_DBSCAN,german_credit_y.zip
1.0,5,correlation,auto,4,inf,20,0.0216760635375976,0.0,0.0,0.0,0.5796,0.0,0.0,0.0,0.0,0.0,1.0,0.0,0.7613,skl_DBSCAN,german_credit_y.zip
1.0,5,cosine,auto,4,1000.0,100,0.0220930576324462,0.0,0.0,0.0,0.5796,0.0,0.0,0.0,0.0,0.0,1.0,0.0,0.7613,skl_DBSCAN,german_credit_y.zip
1.0,5,cosine,auto,4,1000.0,20,0.0329394340515136,0.0,0.0,0.0,0.5796,0.0,0.0,0.0,0.0,0.0,1.0,0.0,0.7613,skl_DBSCAN,german_credit_y.zip
1.0,5,cosine,auto,4,100.0,100,0.024543285369873,0.0,0.0,0.0,0.5796,0.0,0.0,0.0,0.0,0.0,1.0,0.0,0.7613,skl_DBSCAN,german_credit_y.zip
1.0,5,cosine,auto,4,100.0,20,0.016082763671875,0.0,0.0,0.0,0.5796,0.0,0.0,0.0,0.0,0.0,1.0,0.0,0.7613,skl_DBSCAN,german_credit_y.zip
1.0,5,cosine,auto,4,20.0,20,0.0172383785247802,0.0,0.0,0.0,0.5796,0.0,0.0,0.0,0.0,0.0,1.0,0.0,0.7613,skl_DBSCAN,german_credit_y.zip
1.0,5,cosine,auto,4,inf,100,0.016193151473999,0.0,0.0,0.0,0.5796,0.0,0.0,0.0,0.0,0.0,1.0,0.0,0.7613,skl_DBSCAN,german_credit_y.zip
1.0,5,cosine,auto,4,inf,20,0.0202362537384033,0.0,0.0,0.0,0.5796,0.0,0.0,0.0,0.0,0.0,1.0,0.0,0.7613,skl_DBSCAN,german_credit_y.zip
1.0,5,euclidean,auto,4,1000.0,100,0.0023231506347656,0.0,0.0,0.0,0.5796,0.0,0.0,0.0,0.0,0.0,1.0,0.0,0.7613,skl_DBSCAN,german_credit_y.zip
1.0,5,euclidean,auto,4,1000.0,20,0.0023365020751953,0.0,0.0,0.0,0.5796,0.0,0.0,0.0,0.0,0.0,1.0,0.0,0.7613,skl_DBSCAN,german_credit_y.zip
1.0,5,euclidean,auto,4,100.0,100,0.0023000240325927,0.0,0.0,0.0,0.5796,0.0,0.0,0.0,0.0,0.0,1.0,0.0,0.7613,skl_DBSCAN,german_credit_y.zip
1.0,5,euclidean,auto,4,100.0,20,0.0023279190063476,0.0,0.0,0.0,0.5796,0.0,0.0,0.0,0.0,0.0,1.0,0.0,0.7613,skl_DBSCAN,german_credit_y.zip
1.0,5,euclidean,auto,4,20.0,20,0.0024046897888183,0.0,0.0,0.0,0.5796,0.0,0.0,0.0,0.0,0.0,1.0,0.0,0.7613,skl_DBSCAN,german_credit_y.zip
1.0,5,euclidean,auto,4,inf,100,0.0023317337036132,0.0,0.0,0.0,0.5796,0.0,0.0,0.0,0.0,0.0,1.0,0.0,0.7613,skl_DBSCAN,german_credit_y.zip
1.0,5,euclidean,auto,4,inf,20,0.0023250579833984,0.0,0.0,0.0,0.5796,0.0,0.0,0.0,0.0,0.0,1.0,0.0,0.7613,skl_DBSCAN,german_credit_y.zip
