max_depth,max_nbr_clusters,min_samples_leaf,min_samples_split,max_nbr_values,max_nbr_values_cat,bic_eps,time,silhouette,calinski_harabasz,davies_bouldin,r_score,adj_rand,mut_info_score,adj_mutual_info_score,norm_mutual_info_score,homog_score,complete_score,v_msr_score,fwlks_mallows_score,alg,dataset
10,10,30,50,1000.0,100.0,0.0,1.9241914749145508,0.2671,333.3253,1.6389,0.7956,0.3582,0.9714,0.5522,0.5593,0.7032,0.4643,0.5593,0.4937,VarianceParTree,zelnik5_y.zip
10,10,30,50,1000.0,100.0,0.1,1.931161642074585,0.2671,333.3253,1.6389,0.7956,0.3582,0.9714,0.5522,0.5593,0.7032,0.4643,0.5593,0.4937,VarianceParTree,zelnik5_y.zip
10,10,30,50,1000.0,100.0,0.2,1.900049924850464,0.2671,333.3253,1.6389,0.7956,0.3582,0.9714,0.5522,0.5593,0.7032,0.4643,0.5593,0.4937,VarianceParTree,zelnik5_y.zip
10,10,30,50,1000.0,20.0,0.0,1.9258275032043457,0.2671,333.3253,1.6389,0.7956,0.3582,0.9714,0.5522,0.5593,0.7032,0.4643,0.5593,0.4937,VarianceParTree,zelnik5_y.zip
10,10,30,50,1000.0,20.0,0.1,1.784562349319458,0.2671,333.3253,1.6389,0.7956,0.3582,0.9714,0.5522,0.5593,0.7032,0.4643,0.5593,0.4937,VarianceParTree,zelnik5_y.zip
10,10,30,50,1000.0,20.0,0.2,1.9090006351470947,0.2671,333.3253,1.6389,0.7956,0.3582,0.9714,0.5522,0.5593,0.7032,0.4643,0.5593,0.4937,VarianceParTree,zelnik5_y.zip
10,10,30,50,1000.0,inf,0.0,2.462934970855713,0.2878,3.5313,0.4834,0.2705,0.0029,0.0265,0.0029,0.0351,0.0192,0.2084,0.0351,0.4944,VarianceParTree,zelnik5_y.zip
10,10,30,50,1000.0,inf,0.1,2.439680576324463,0.2878,3.5313,0.4834,0.2705,0.0029,0.0265,0.0029,0.0351,0.0192,0.2084,0.0351,0.4944,VarianceParTree,zelnik5_y.zip
10,10,30,50,1000.0,inf,0.2,2.436173915863037,0.2878,3.5313,0.4834,0.2705,0.0029,0.0265,0.0029,0.0351,0.0192,0.2084,0.0351,0.4944,VarianceParTree,zelnik5_y.zip
10,10,30,50,100.0,20.0,0.0,0.4094877243041992,0.2973,351.5887,1.6564,0.8105,0.3959,1.0713,0.6013,0.6075,0.7756,0.4993,0.6075,0.5271,VarianceParTree,zelnik5_y.zip
10,10,30,50,100.0,20.0,0.1,0.4118773937225342,0.2973,351.5887,1.6564,0.8105,0.3959,1.0713,0.6013,0.6075,0.7756,0.4993,0.6075,0.5271,VarianceParTree,zelnik5_y.zip
10,10,30,50,100.0,20.0,0.2,0.4104950428009033,0.2973,351.5887,1.6564,0.8105,0.3959,1.0713,0.6013,0.6075,0.7756,0.4993,0.6075,0.5271,VarianceParTree,zelnik5_y.zip
10,10,30,50,inf,100.0,0.0,1.929652452468872,0.2671,333.3253,1.6389,0.7956,0.3582,0.9714,0.5522,0.5593,0.7032,0.4643,0.5593,0.4937,VarianceParTree,zelnik5_y.zip
10,10,30,50,inf,100.0,0.1,1.9324586391448972,0.2671,333.3253,1.6389,0.7956,0.3582,0.9714,0.5522,0.5593,0.7032,0.4643,0.5593,0.4937,VarianceParTree,zelnik5_y.zip
10,10,30,50,inf,100.0,0.2,1.9588019847869875,0.2671,333.3253,1.6389,0.7956,0.3582,0.9714,0.5522,0.5593,0.7032,0.4643,0.5593,0.4937,VarianceParTree,zelnik5_y.zip
10,10,30,50,inf,20.0,0.0,1.9300692081451416,0.2671,333.3253,1.6389,0.7956,0.3582,0.9714,0.5522,0.5593,0.7032,0.4643,0.5593,0.4937,VarianceParTree,zelnik5_y.zip
10,10,30,50,inf,20.0,0.1,1.9389336109161377,0.2671,333.3253,1.6389,0.7956,0.3582,0.9714,0.5522,0.5593,0.7032,0.4643,0.5593,0.4937,VarianceParTree,zelnik5_y.zip
10,10,30,50,inf,20.0,0.2,1.8121895790100095,0.2671,333.3253,1.6389,0.7956,0.3582,0.9714,0.5522,0.5593,0.7032,0.4643,0.5593,0.4937,VarianceParTree,zelnik5_y.zip
10,10,30,50,inf,inf,0.0,2.4584314823150635,0.2878,3.5313,0.4834,0.2705,0.0029,0.0265,0.0029,0.0351,0.0192,0.2084,0.0351,0.4944,VarianceParTree,zelnik5_y.zip
10,10,30,50,inf,inf,0.1,2.421591758728028,0.2878,3.5313,0.4834,0.2705,0.0029,0.0265,0.0029,0.0351,0.0192,0.2084,0.0351,0.4944,VarianceParTree,zelnik5_y.zip
10,10,30,50,inf,inf,0.2,2.455044984817505,0.2878,3.5313,0.4834,0.2705,0.0029,0.0265,0.0029,0.0351,0.0192,0.2084,0.0351,0.4944,VarianceParTree,zelnik5_y.zip
10,10,30,5,1000.0,100.0,0.0,1.903874158859253,0.2671,333.3253,1.6389,0.7956,0.3582,0.9714,0.5522,0.5593,0.7032,0.4643,0.5593,0.4937,VarianceParTree,zelnik5_y.zip
10,10,30,5,1000.0,100.0,0.1,1.9065766334533687,0.2671,333.3253,1.6389,0.7956,0.3582,0.9714,0.5522,0.5593,0.7032,0.4643,0.5593,0.4937,VarianceParTree,zelnik5_y.zip
10,10,30,5,1000.0,100.0,0.2,1.9526827335357664,0.2671,333.3253,1.6389,0.7956,0.3582,0.9714,0.5522,0.5593,0.7032,0.4643,0.5593,0.4937,VarianceParTree,zelnik5_y.zip
10,10,30,5,1000.0,20.0,0.0,1.9212818145751955,0.2671,333.3253,1.6389,0.7956,0.3582,0.9714,0.5522,0.5593,0.7032,0.4643,0.5593,0.4937,VarianceParTree,zelnik5_y.zip
10,10,30,5,1000.0,20.0,0.1,1.9478068351745603,0.2671,333.3253,1.6389,0.7956,0.3582,0.9714,0.5522,0.5593,0.7032,0.4643,0.5593,0.4937,VarianceParTree,zelnik5_y.zip
10,10,30,5,1000.0,20.0,0.2,1.798661470413208,0.2671,333.3253,1.6389,0.7956,0.3582,0.9714,0.5522,0.5593,0.7032,0.4643,0.5593,0.4937,VarianceParTree,zelnik5_y.zip
10,10,30,5,1000.0,inf,0.0,2.4469356536865234,0.2878,3.5313,0.4834,0.2705,0.0029,0.0265,0.0029,0.0351,0.0192,0.2084,0.0351,0.4944,VarianceParTree,zelnik5_y.zip
10,10,30,5,1000.0,inf,0.1,2.47782039642334,0.2878,3.5313,0.4834,0.2705,0.0029,0.0265,0.0029,0.0351,0.0192,0.2084,0.0351,0.4944,VarianceParTree,zelnik5_y.zip
10,10,30,5,1000.0,inf,0.2,2.424319267272949,0.2878,3.5313,0.4834,0.2705,0.0029,0.0265,0.0029,0.0351,0.0192,0.2084,0.0351,0.4944,VarianceParTree,zelnik5_y.zip
10,10,30,5,100.0,20.0,0.0,0.4065582752227783,0.2973,351.5887,1.6564,0.8105,0.3959,1.0713,0.6013,0.6075,0.7756,0.4993,0.6075,0.5271,VarianceParTree,zelnik5_y.zip
10,10,30,5,100.0,20.0,0.1,0.4079148769378662,0.2973,351.5887,1.6564,0.8105,0.3959,1.0713,0.6013,0.6075,0.7756,0.4993,0.6075,0.5271,VarianceParTree,zelnik5_y.zip
10,10,30,5,100.0,20.0,0.2,0.4072847366333008,0.2973,351.5887,1.6564,0.8105,0.3959,1.0713,0.6013,0.6075,0.7756,0.4993,0.6075,0.5271,VarianceParTree,zelnik5_y.zip
10,10,30,5,inf,100.0,0.0,1.912998914718628,0.2671,333.3253,1.6389,0.7956,0.3582,0.9714,0.5522,0.5593,0.7032,0.4643,0.5593,0.4937,VarianceParTree,zelnik5_y.zip
10,10,30,5,inf,100.0,0.1,1.808483600616455,0.2671,333.3253,1.6389,0.7956,0.3582,0.9714,0.5522,0.5593,0.7032,0.4643,0.5593,0.4937,VarianceParTree,zelnik5_y.zip
10,10,30,5,inf,100.0,0.2,1.9094350337982176,0.2671,333.3253,1.6389,0.7956,0.3582,0.9714,0.5522,0.5593,0.7032,0.4643,0.5593,0.4937,VarianceParTree,zelnik5_y.zip
10,10,30,5,inf,20.0,0.0,1.9572503566741943,0.2671,333.3253,1.6389,0.7956,0.3582,0.9714,0.5522,0.5593,0.7032,0.4643,0.5593,0.4937,VarianceParTree,zelnik5_y.zip
10,10,30,5,inf,20.0,0.1,1.9011259078979488,0.2671,333.3253,1.6389,0.7956,0.3582,0.9714,0.5522,0.5593,0.7032,0.4643,0.5593,0.4937,VarianceParTree,zelnik5_y.zip
10,10,30,5,inf,20.0,0.2,1.9352145195007324,0.2671,333.3253,1.6389,0.7956,0.3582,0.9714,0.5522,0.5593,0.7032,0.4643,0.5593,0.4937,VarianceParTree,zelnik5_y.zip
10,10,30,5,inf,inf,0.0,2.418165683746338,0.2878,3.5313,0.4834,0.2705,0.0029,0.0265,0.0029,0.0351,0.0192,0.2084,0.0351,0.4944,VarianceParTree,zelnik5_y.zip
10,10,30,5,inf,inf,0.1,2.428309679031372,0.2878,3.5313,0.4834,0.2705,0.0029,0.0265,0.0029,0.0351,0.0192,0.2084,0.0351,0.4944,VarianceParTree,zelnik5_y.zip
10,10,30,5,inf,inf,0.2,2.427830696105957,0.2878,3.5313,0.4834,0.2705,0.0029,0.0265,0.0029,0.0351,0.0192,0.2084,0.0351,0.4944,VarianceParTree,zelnik5_y.zip
10,10,3,50,1000.0,100.0,0.0,1.902861833572388,0.2671,333.3253,1.6389,0.7956,0.3582,0.9714,0.5522,0.5593,0.7032,0.4643,0.5593,0.4937,VarianceParTree,zelnik5_y.zip
10,10,3,50,1000.0,100.0,0.1,1.780348300933838,0.2671,333.3253,1.6389,0.7956,0.3582,0.9714,0.5522,0.5593,0.7032,0.4643,0.5593,0.4937,VarianceParTree,zelnik5_y.zip
10,10,3,50,1000.0,100.0,0.2,1.9189636707305908,0.2671,333.3253,1.6389,0.7956,0.3582,0.9714,0.5522,0.5593,0.7032,0.4643,0.5593,0.4937,VarianceParTree,zelnik5_y.zip
10,10,3,50,1000.0,20.0,0.0,1.903814554214477,0.2671,333.3253,1.6389,0.7956,0.3582,0.9714,0.5522,0.5593,0.7032,0.4643,0.5593,0.4937,VarianceParTree,zelnik5_y.zip
10,10,3,50,1000.0,20.0,0.1,1.9417431354522705,0.2671,333.3253,1.6389,0.7956,0.3582,0.9714,0.5522,0.5593,0.7032,0.4643,0.5593,0.4937,VarianceParTree,zelnik5_y.zip
10,10,3,50,1000.0,20.0,0.2,1.9545869827270508,0.2671,333.3253,1.6389,0.7956,0.3582,0.9714,0.5522,0.5593,0.7032,0.4643,0.5593,0.4937,VarianceParTree,zelnik5_y.zip
10,10,3,50,1000.0,inf,0.0,2.407116651535034,0.2878,3.5313,0.4834,0.2705,0.0029,0.0265,0.0029,0.0351,0.0192,0.2084,0.0351,0.4944,VarianceParTree,zelnik5_y.zip
10,10,3,50,1000.0,inf,0.1,2.2987914085388184,0.2878,3.5313,0.4834,0.2705,0.0029,0.0265,0.0029,0.0351,0.0192,0.2084,0.0351,0.4944,VarianceParTree,zelnik5_y.zip
10,10,3,50,1000.0,inf,0.2,2.4286882877349854,0.2878,3.5313,0.4834,0.2705,0.0029,0.0265,0.0029,0.0351,0.0192,0.2084,0.0351,0.4944,VarianceParTree,zelnik5_y.zip
10,10,3,50,100.0,20.0,0.0,0.4058139324188232,0.2973,351.5887,1.6564,0.8105,0.3959,1.0713,0.6013,0.6075,0.7756,0.4993,0.6075,0.5271,VarianceParTree,zelnik5_y.zip
10,10,3,50,100.0,20.0,0.1,0.4229767322540283,0.2973,351.5887,1.6564,0.8105,0.3959,1.0713,0.6013,0.6075,0.7756,0.4993,0.6075,0.5271,VarianceParTree,zelnik5_y.zip
10,10,3,50,100.0,20.0,0.2,0.4166693687438965,0.2973,351.5887,1.6564,0.8105,0.3959,1.0713,0.6013,0.6075,0.7756,0.4993,0.6075,0.5271,VarianceParTree,zelnik5_y.zip
10,10,3,50,inf,100.0,0.0,1.9105212688446045,0.2671,333.3253,1.6389,0.7956,0.3582,0.9714,0.5522,0.5593,0.7032,0.4643,0.5593,0.4937,VarianceParTree,zelnik5_y.zip
10,10,3,50,inf,100.0,0.1,1.9542696475982664,0.2671,333.3253,1.6389,0.7956,0.3582,0.9714,0.5522,0.5593,0.7032,0.4643,0.5593,0.4937,VarianceParTree,zelnik5_y.zip
10,10,3,50,inf,100.0,0.2,1.937063217163086,0.2671,333.3253,1.6389,0.7956,0.3582,0.9714,0.5522,0.5593,0.7032,0.4643,0.5593,0.4937,VarianceParTree,zelnik5_y.zip
10,10,3,50,inf,20.0,0.0,1.8140640258789065,0.2671,333.3253,1.6389,0.7956,0.3582,0.9714,0.5522,0.5593,0.7032,0.4643,0.5593,0.4937,VarianceParTree,zelnik5_y.zip
10,10,3,50,inf,20.0,0.1,1.9422719478607176,0.2671,333.3253,1.6389,0.7956,0.3582,0.9714,0.5522,0.5593,0.7032,0.4643,0.5593,0.4937,VarianceParTree,zelnik5_y.zip
10,10,3,50,inf,20.0,0.2,1.926417589187622,0.2671,333.3253,1.6389,0.7956,0.3582,0.9714,0.5522,0.5593,0.7032,0.4643,0.5593,0.4937,VarianceParTree,zelnik5_y.zip
10,10,3,50,inf,inf,0.0,2.450989007949829,0.2878,3.5313,0.4834,0.2705,0.0029,0.0265,0.0029,0.0351,0.0192,0.2084,0.0351,0.4944,VarianceParTree,zelnik5_y.zip
10,10,3,50,inf,inf,0.1,2.455441951751709,0.2878,3.5313,0.4834,0.2705,0.0029,0.0265,0.0029,0.0351,0.0192,0.2084,0.0351,0.4944,VarianceParTree,zelnik5_y.zip
10,10,3,50,inf,inf,0.2,2.403425931930542,0.2878,3.5313,0.4834,0.2705,0.0029,0.0265,0.0029,0.0351,0.0192,0.2084,0.0351,0.4944,VarianceParTree,zelnik5_y.zip
10,10,3,5,1000.0,100.0,0.0,1.951483964920044,0.2671,333.3253,1.6389,0.7956,0.3582,0.9714,0.5522,0.5593,0.7032,0.4643,0.5593,0.4937,VarianceParTree,zelnik5_y.zip
10,10,3,5,1000.0,100.0,0.1,1.942538499832153,0.2671,333.3253,1.6389,0.7956,0.3582,0.9714,0.5522,0.5593,0.7032,0.4643,0.5593,0.4937,VarianceParTree,zelnik5_y.zip
10,10,3,5,1000.0,100.0,0.2,1.94113564491272,0.2671,333.3253,1.6389,0.7956,0.3582,0.9714,0.5522,0.5593,0.7032,0.4643,0.5593,0.4937,VarianceParTree,zelnik5_y.zip
10,10,3,5,1000.0,20.0,0.0,1.932760238647461,0.2671,333.3253,1.6389,0.7956,0.3582,0.9714,0.5522,0.5593,0.7032,0.4643,0.5593,0.4937,VarianceParTree,zelnik5_y.zip
10,10,3,5,1000.0,20.0,0.1,1.931922912597656,0.2671,333.3253,1.6389,0.7956,0.3582,0.9714,0.5522,0.5593,0.7032,0.4643,0.5593,0.4937,VarianceParTree,zelnik5_y.zip
10,10,3,5,1000.0,20.0,0.2,1.891806364059448,0.2671,333.3253,1.6389,0.7956,0.3582,0.9714,0.5522,0.5593,0.7032,0.4643,0.5593,0.4937,VarianceParTree,zelnik5_y.zip
10,10,3,5,1000.0,inf,0.0,2.4282615184783936,0.2878,3.5313,0.4834,0.2705,0.0029,0.0265,0.0029,0.0351,0.0192,0.2084,0.0351,0.4944,VarianceParTree,zelnik5_y.zip
10,10,3,5,1000.0,inf,0.1,2.4388504028320312,0.2878,3.5313,0.4834,0.2705,0.0029,0.0265,0.0029,0.0351,0.0192,0.2084,0.0351,0.4944,VarianceParTree,zelnik5_y.zip
10,10,3,5,1000.0,inf,0.2,2.3175063133239746,0.2878,3.5313,0.4834,0.2705,0.0029,0.0265,0.0029,0.0351,0.0192,0.2084,0.0351,0.4944,VarianceParTree,zelnik5_y.zip
10,10,3,5,100.0,20.0,0.0,0.3997020721435547,0.2973,351.5887,1.6564,0.8105,0.3959,1.0713,0.6013,0.6075,0.7756,0.4993,0.6075,0.5271,VarianceParTree,zelnik5_y.zip
10,10,3,5,100.0,20.0,0.1,0.405045747756958,0.2973,351.5887,1.6564,0.8105,0.3959,1.0713,0.6013,0.6075,0.7756,0.4993,0.6075,0.5271,VarianceParTree,zelnik5_y.zip
10,10,3,5,100.0,20.0,0.2,0.4081857204437256,0.2973,351.5887,1.6564,0.8105,0.3959,1.0713,0.6013,0.6075,0.7756,0.4993,0.6075,0.5271,VarianceParTree,zelnik5_y.zip
10,10,3,5,inf,100.0,0.0,1.9249980449676516,0.2671,333.3253,1.6389,0.7956,0.3582,0.9714,0.5522,0.5593,0.7032,0.4643,0.5593,0.4937,VarianceParTree,zelnik5_y.zip
10,10,3,5,inf,100.0,0.1,1.9279799461364744,0.2671,333.3253,1.6389,0.7956,0.3582,0.9714,0.5522,0.5593,0.7032,0.4643,0.5593,0.4937,VarianceParTree,zelnik5_y.zip
10,10,3,5,inf,100.0,0.2,1.9082210063934328,0.2671,333.3253,1.6389,0.7956,0.3582,0.9714,0.5522,0.5593,0.7032,0.4643,0.5593,0.4937,VarianceParTree,zelnik5_y.zip
10,10,3,5,inf,20.0,0.0,1.7733826637268066,0.2671,333.3253,1.6389,0.7956,0.3582,0.9714,0.5522,0.5593,0.7032,0.4643,0.5593,0.4937,VarianceParTree,zelnik5_y.zip
10,10,3,5,inf,20.0,0.1,1.9203333854675293,0.2671,333.3253,1.6389,0.7956,0.3582,0.9714,0.5522,0.5593,0.7032,0.4643,0.5593,0.4937,VarianceParTree,zelnik5_y.zip
10,10,3,5,inf,20.0,0.2,1.919261693954468,0.2671,333.3253,1.6389,0.7956,0.3582,0.9714,0.5522,0.5593,0.7032,0.4643,0.5593,0.4937,VarianceParTree,zelnik5_y.zip
10,10,3,5,inf,inf,0.0,2.452978134155273,0.2878,3.5313,0.4834,0.2705,0.0029,0.0265,0.0029,0.0351,0.0192,0.2084,0.0351,0.4944,VarianceParTree,zelnik5_y.zip
10,10,3,5,inf,inf,0.1,2.4263570308685303,0.2878,3.5313,0.4834,0.2705,0.0029,0.0265,0.0029,0.0351,0.0192,0.2084,0.0351,0.4944,VarianceParTree,zelnik5_y.zip
10,10,3,5,inf,inf,0.2,2.4299259185791016,0.2878,3.5313,0.4834,0.2705,0.0029,0.0265,0.0029,0.0351,0.0192,0.2084,0.0351,0.4944,VarianceParTree,zelnik5_y.zip
10,12,30,50,1000.0,100.0,0.0,2.2802987098693848,0.2907,341.8132,1.5029,0.8134,0.391,1.1221,0.6032,0.6104,0.8123,0.4889,0.6104,0.5256,VarianceParTree,zelnik5_y.zip
10,12,30,50,1000.0,100.0,0.1,2.2797155380249023,0.2907,341.8132,1.5029,0.8134,0.391,1.1221,0.6032,0.6104,0.8123,0.4889,0.6104,0.5256,VarianceParTree,zelnik5_y.zip
10,12,30,50,1000.0,100.0,0.2,2.343261480331421,0.2907,341.8132,1.5029,0.8134,0.391,1.1221,0.6032,0.6104,0.8123,0.4889,0.6104,0.5256,VarianceParTree,zelnik5_y.zip
10,12,30,50,1000.0,20.0,0.0,2.440415859222412,0.2907,341.8132,1.5029,0.8134,0.391,1.1221,0.6032,0.6104,0.8123,0.4889,0.6104,0.5256,VarianceParTree,zelnik5_y.zip
10,12,30,50,1000.0,20.0,0.1,2.3574652671813965,0.2907,341.8132,1.5029,0.8134,0.391,1.1221,0.6032,0.6104,0.8123,0.4889,0.6104,0.5256,VarianceParTree,zelnik5_y.zip
10,12,30,50,1000.0,20.0,0.2,2.276298999786377,0.2907,341.8132,1.5029,0.8134,0.391,1.1221,0.6032,0.6104,0.8123,0.4889,0.6104,0.5256,VarianceParTree,zelnik5_y.zip
10,12,30,50,1000.0,inf,0.0,2.710688829421997,0.2868,3.5153,0.4844,0.2727,0.0033,0.0295,0.0034,0.0387,0.0214,0.2089,0.0387,0.4937,VarianceParTree,zelnik5_y.zip
10,12,30,50,1000.0,inf,0.1,2.6748714447021484,0.2868,3.5153,0.4844,0.2727,0.0033,0.0295,0.0034,0.0387,0.0214,0.2089,0.0387,0.4937,VarianceParTree,zelnik5_y.zip
10,12,30,50,1000.0,inf,0.2,2.6953704357147217,0.2868,3.5153,0.4844,0.2727,0.0033,0.0295,0.0034,0.0387,0.0214,0.2089,0.0387,0.4937,VarianceParTree,zelnik5_y.zip
10,12,30,50,100.0,20.0,0.0,0.4871270656585693,0.2989,343.3217,1.6143,0.8208,0.4099,1.1669,0.622,0.6288,0.8447,0.5008,0.6288,0.545,VarianceParTree,zelnik5_y.zip
10,12,30,50,100.0,20.0,0.1,0.4923887252807617,0.2989,343.3217,1.6143,0.8208,0.4099,1.1669,0.622,0.6288,0.8447,0.5008,0.6288,0.545,VarianceParTree,zelnik5_y.zip
10,12,30,50,100.0,20.0,0.2,0.4731078147888183,0.2989,343.3217,1.6143,0.8208,0.4099,1.1669,0.622,0.6288,0.8447,0.5008,0.6288,0.545,VarianceParTree,zelnik5_y.zip
10,12,30,50,inf,100.0,0.0,2.284501075744629,0.2907,341.8132,1.5029,0.8134,0.391,1.1221,0.6032,0.6104,0.8123,0.4889,0.6104,0.5256,VarianceParTree,zelnik5_y.zip
10,12,30,50,inf,100.0,0.1,2.2678146362304688,0.2907,341.8132,1.5029,0.8134,0.391,1.1221,0.6032,0.6104,0.8123,0.4889,0.6104,0.5256,VarianceParTree,zelnik5_y.zip
10,12,30,50,inf,100.0,0.2,2.272913932800293,0.2907,341.8132,1.5029,0.8134,0.391,1.1221,0.6032,0.6104,0.8123,0.4889,0.6104,0.5256,VarianceParTree,zelnik5_y.zip
10,12,30,50,inf,20.0,0.0,2.231220006942749,0.2907,341.8132,1.5029,0.8134,0.391,1.1221,0.6032,0.6104,0.8123,0.4889,0.6104,0.5256,VarianceParTree,zelnik5_y.zip
10,12,30,50,inf,20.0,0.1,2.286717653274536,0.2907,341.8132,1.5029,0.8134,0.391,1.1221,0.6032,0.6104,0.8123,0.4889,0.6104,0.5256,VarianceParTree,zelnik5_y.zip
10,12,30,50,inf,20.0,0.2,2.2842705249786377,0.2907,341.8132,1.5029,0.8134,0.391,1.1221,0.6032,0.6104,0.8123,0.4889,0.6104,0.5256,VarianceParTree,zelnik5_y.zip
10,12,30,50,inf,inf,0.0,2.7010018825531006,0.2868,3.5153,0.4844,0.2727,0.0033,0.0295,0.0034,0.0387,0.0214,0.2089,0.0387,0.4937,VarianceParTree,zelnik5_y.zip
10,12,30,50,inf,inf,0.1,2.683903455734253,0.2868,3.5153,0.4844,0.2727,0.0033,0.0295,0.0034,0.0387,0.0214,0.2089,0.0387,0.4937,VarianceParTree,zelnik5_y.zip
10,12,30,50,inf,inf,0.2,2.644383192062378,0.2868,3.5153,0.4844,0.2727,0.0033,0.0295,0.0034,0.0387,0.0214,0.2089,0.0387,0.4937,VarianceParTree,zelnik5_y.zip
10,12,30,5,1000.0,100.0,0.0,2.2501380443573,0.2907,341.8132,1.5029,0.8134,0.391,1.1221,0.6032,0.6104,0.8123,0.4889,0.6104,0.5256,VarianceParTree,zelnik5_y.zip
10,12,30,5,1000.0,100.0,0.1,2.251417398452759,0.2907,341.8132,1.5029,0.8134,0.391,1.1221,0.6032,0.6104,0.8123,0.4889,0.6104,0.5256,VarianceParTree,zelnik5_y.zip
10,12,30,5,1000.0,100.0,0.2,2.2229299545288086,0.2907,341.8132,1.5029,0.8134,0.391,1.1221,0.6032,0.6104,0.8123,0.4889,0.6104,0.5256,VarianceParTree,zelnik5_y.zip
10,12,30,5,1000.0,20.0,0.0,2.278219699859619,0.2907,341.8132,1.5029,0.8134,0.391,1.1221,0.6032,0.6104,0.8123,0.4889,0.6104,0.5256,VarianceParTree,zelnik5_y.zip
10,12,30,5,1000.0,20.0,0.1,2.245445251464844,0.2907,341.8132,1.5029,0.8134,0.391,1.1221,0.6032,0.6104,0.8123,0.4889,0.6104,0.5256,VarianceParTree,zelnik5_y.zip
10,12,30,5,1000.0,20.0,0.2,2.234692335128784,0.2907,341.8132,1.5029,0.8134,0.391,1.1221,0.6032,0.6104,0.8123,0.4889,0.6104,0.5256,VarianceParTree,zelnik5_y.zip
10,12,30,5,1000.0,inf,0.0,2.699676752090454,0.2868,3.5153,0.4844,0.2727,0.0033,0.0295,0.0034,0.0387,0.0214,0.2089,0.0387,0.4937,VarianceParTree,zelnik5_y.zip
10,12,30,5,1000.0,inf,0.1,2.7037241458892822,0.2868,3.5153,0.4844,0.2727,0.0033,0.0295,0.0034,0.0387,0.0214,0.2089,0.0387,0.4937,VarianceParTree,zelnik5_y.zip
10,12,30,5,1000.0,inf,0.2,2.7161312103271484,0.2868,3.5153,0.4844,0.2727,0.0033,0.0295,0.0034,0.0387,0.0214,0.2089,0.0387,0.4937,VarianceParTree,zelnik5_y.zip
10,12,30,5,100.0,20.0,0.0,0.5098364353179932,0.2989,343.3217,1.6143,0.8208,0.4099,1.1669,0.622,0.6288,0.8447,0.5008,0.6288,0.545,VarianceParTree,zelnik5_y.zip
10,12,30,5,100.0,20.0,0.1,0.4754738807678222,0.2989,343.3217,1.6143,0.8208,0.4099,1.1669,0.622,0.6288,0.8447,0.5008,0.6288,0.545,VarianceParTree,zelnik5_y.zip
10,12,30,5,100.0,20.0,0.2,0.4864802360534668,0.2989,343.3217,1.6143,0.8208,0.4099,1.1669,0.622,0.6288,0.8447,0.5008,0.6288,0.545,VarianceParTree,zelnik5_y.zip
10,12,30,5,inf,100.0,0.0,2.296370267868042,0.2907,341.8132,1.5029,0.8134,0.391,1.1221,0.6032,0.6104,0.8123,0.4889,0.6104,0.5256,VarianceParTree,zelnik5_y.zip
10,12,30,5,inf,100.0,0.1,2.3367836475372314,0.2907,341.8132,1.5029,0.8134,0.391,1.1221,0.6032,0.6104,0.8123,0.4889,0.6104,0.5256,VarianceParTree,zelnik5_y.zip
10,12,30,5,inf,100.0,0.2,2.2724926471710205,0.2907,341.8132,1.5029,0.8134,0.391,1.1221,0.6032,0.6104,0.8123,0.4889,0.6104,0.5256,VarianceParTree,zelnik5_y.zip
10,12,30,5,inf,20.0,0.0,2.251851797103882,0.2907,341.8132,1.5029,0.8134,0.391,1.1221,0.6032,0.6104,0.8123,0.4889,0.6104,0.5256,VarianceParTree,zelnik5_y.zip
10,12,30,5,inf,20.0,0.1,2.259215831756592,0.2907,341.8132,1.5029,0.8134,0.391,1.1221,0.6032,0.6104,0.8123,0.4889,0.6104,0.5256,VarianceParTree,zelnik5_y.zip
10,12,30,5,inf,20.0,0.2,2.2623748779296875,0.2907,341.8132,1.5029,0.8134,0.391,1.1221,0.6032,0.6104,0.8123,0.4889,0.6104,0.5256,VarianceParTree,zelnik5_y.zip
10,12,30,5,inf,inf,0.0,2.6690845489501958,0.2868,3.5153,0.4844,0.2727,0.0033,0.0295,0.0034,0.0387,0.0214,0.2089,0.0387,0.4937,VarianceParTree,zelnik5_y.zip
10,12,30,5,inf,inf,0.1,2.7022087574005127,0.2868,3.5153,0.4844,0.2727,0.0033,0.0295,0.0034,0.0387,0.0214,0.2089,0.0387,0.4937,VarianceParTree,zelnik5_y.zip
10,12,30,5,inf,inf,0.2,2.7056617736816406,0.2868,3.5153,0.4844,0.2727,0.0033,0.0295,0.0034,0.0387,0.0214,0.2089,0.0387,0.4937,VarianceParTree,zelnik5_y.zip
10,12,3,50,1000.0,100.0,0.0,2.2555480003356934,0.2907,341.8132,1.5029,0.8134,0.391,1.1221,0.6032,0.6104,0.8123,0.4889,0.6104,0.5256,VarianceParTree,zelnik5_y.zip
10,12,3,50,1000.0,100.0,0.1,2.270909547805786,0.2907,341.8132,1.5029,0.8134,0.391,1.1221,0.6032,0.6104,0.8123,0.4889,0.6104,0.5256,VarianceParTree,zelnik5_y.zip
10,12,3,50,1000.0,100.0,0.2,2.310123920440674,0.2907,341.8132,1.5029,0.8134,0.391,1.1221,0.6032,0.6104,0.8123,0.4889,0.6104,0.5256,VarianceParTree,zelnik5_y.zip
10,12,3,50,1000.0,20.0,0.0,2.268934965133667,0.2907,341.8132,1.5029,0.8134,0.391,1.1221,0.6032,0.6104,0.8123,0.4889,0.6104,0.5256,VarianceParTree,zelnik5_y.zip
10,12,3,50,1000.0,20.0,0.1,2.281480073928833,0.2907,341.8132,1.5029,0.8134,0.391,1.1221,0.6032,0.6104,0.8123,0.4889,0.6104,0.5256,VarianceParTree,zelnik5_y.zip
10,12,3,50,1000.0,20.0,0.2,2.269556999206543,0.2907,341.8132,1.5029,0.8134,0.391,1.1221,0.6032,0.6104,0.8123,0.4889,0.6104,0.5256,VarianceParTree,zelnik5_y.zip
10,12,3,50,1000.0,inf,0.0,2.7016618251800537,0.2868,3.5153,0.4844,0.2727,0.0033,0.0295,0.0034,0.0387,0.0214,0.2089,0.0387,0.4937,VarianceParTree,zelnik5_y.zip
10,12,3,50,1000.0,inf,0.1,2.6801345348358154,0.2868,3.5153,0.4844,0.2727,0.0033,0.0295,0.0034,0.0387,0.0214,0.2089,0.0387,0.4937,VarianceParTree,zelnik5_y.zip
10,12,3,50,1000.0,inf,0.2,2.67571234703064,0.2868,3.5153,0.4844,0.2727,0.0033,0.0295,0.0034,0.0387,0.0214,0.2089,0.0387,0.4937,VarianceParTree,zelnik5_y.zip
10,12,3,50,100.0,20.0,0.0,0.4782745838165283,0.2989,343.3217,1.6143,0.8208,0.4099,1.1669,0.622,0.6288,0.8447,0.5008,0.6288,0.545,VarianceParTree,zelnik5_y.zip
10,12,3,50,100.0,20.0,0.1,0.4730017185211181,0.2989,343.3217,1.6143,0.8208,0.4099,1.1669,0.622,0.6288,0.8447,0.5008,0.6288,0.545,VarianceParTree,zelnik5_y.zip
10,12,3,50,100.0,20.0,0.2,0.5019192695617676,0.2989,343.3217,1.6143,0.8208,0.4099,1.1669,0.622,0.6288,0.8447,0.5008,0.6288,0.545,VarianceParTree,zelnik5_y.zip
10,12,3,50,inf,100.0,0.0,2.2434186935424805,0.2907,341.8132,1.5029,0.8134,0.391,1.1221,0.6032,0.6104,0.8123,0.4889,0.6104,0.5256,VarianceParTree,zelnik5_y.zip
10,12,3,50,inf,100.0,0.1,2.2692365646362305,0.2907,341.8132,1.5029,0.8134,0.391,1.1221,0.6032,0.6104,0.8123,0.4889,0.6104,0.5256,VarianceParTree,zelnik5_y.zip
10,12,3,50,inf,100.0,0.2,2.246823787689209,0.2907,341.8132,1.5029,0.8134,0.391,1.1221,0.6032,0.6104,0.8123,0.4889,0.6104,0.5256,VarianceParTree,zelnik5_y.zip
10,12,3,50,inf,20.0,0.0,2.245584011077881,0.2907,341.8132,1.5029,0.8134,0.391,1.1221,0.6032,0.6104,0.8123,0.4889,0.6104,0.5256,VarianceParTree,zelnik5_y.zip
10,12,3,50,inf,20.0,0.1,2.2341179847717285,0.2907,341.8132,1.5029,0.8134,0.391,1.1221,0.6032,0.6104,0.8123,0.4889,0.6104,0.5256,VarianceParTree,zelnik5_y.zip
10,12,3,50,inf,20.0,0.2,2.318002939224243,0.2907,341.8132,1.5029,0.8134,0.391,1.1221,0.6032,0.6104,0.8123,0.4889,0.6104,0.5256,VarianceParTree,zelnik5_y.zip
10,12,3,50,inf,inf,0.0,2.7064743041992188,0.2868,3.5153,0.4844,0.2727,0.0033,0.0295,0.0034,0.0387,0.0214,0.2089,0.0387,0.4937,VarianceParTree,zelnik5_y.zip
10,12,3,50,inf,inf,0.1,2.695273876190185,0.2868,3.5153,0.4844,0.2727,0.0033,0.0295,0.0034,0.0387,0.0214,0.2089,0.0387,0.4937,VarianceParTree,zelnik5_y.zip
10,12,3,50,inf,inf,0.2,2.683570146560669,0.2868,3.5153,0.4844,0.2727,0.0033,0.0295,0.0034,0.0387,0.0214,0.2089,0.0387,0.4937,VarianceParTree,zelnik5_y.zip
10,12,3,5,1000.0,100.0,0.0,2.321833372116089,0.2907,341.8132,1.5029,0.8134,0.391,1.1221,0.6032,0.6104,0.8123,0.4889,0.6104,0.5256,VarianceParTree,zelnik5_y.zip
10,12,3,5,1000.0,100.0,0.1,2.3111367225646973,0.2907,341.8132,1.5029,0.8134,0.391,1.1221,0.6032,0.6104,0.8123,0.4889,0.6104,0.5256,VarianceParTree,zelnik5_y.zip
10,12,3,5,1000.0,100.0,0.2,2.2677156925201416,0.2907,341.8132,1.5029,0.8134,0.391,1.1221,0.6032,0.6104,0.8123,0.4889,0.6104,0.5256,VarianceParTree,zelnik5_y.zip
10,12,3,5,1000.0,20.0,0.0,2.3028676509857178,0.2907,341.8132,1.5029,0.8134,0.391,1.1221,0.6032,0.6104,0.8123,0.4889,0.6104,0.5256,VarianceParTree,zelnik5_y.zip
10,12,3,5,1000.0,20.0,0.1,2.265342712402344,0.2907,341.8132,1.5029,0.8134,0.391,1.1221,0.6032,0.6104,0.8123,0.4889,0.6104,0.5256,VarianceParTree,zelnik5_y.zip
10,12,3,5,1000.0,20.0,0.2,2.2850446701049805,0.2907,341.8132,1.5029,0.8134,0.391,1.1221,0.6032,0.6104,0.8123,0.4889,0.6104,0.5256,VarianceParTree,zelnik5_y.zip
10,12,3,5,1000.0,inf,0.0,2.685607671737671,0.2868,3.5153,0.4844,0.2727,0.0033,0.0295,0.0034,0.0387,0.0214,0.2089,0.0387,0.4937,VarianceParTree,zelnik5_y.zip
10,12,3,5,1000.0,inf,0.1,2.6715872287750244,0.2868,3.5153,0.4844,0.2727,0.0033,0.0295,0.0034,0.0387,0.0214,0.2089,0.0387,0.4937,VarianceParTree,zelnik5_y.zip
10,12,3,5,1000.0,inf,0.2,2.6956520080566406,0.2868,3.5153,0.4844,0.2727,0.0033,0.0295,0.0034,0.0387,0.0214,0.2089,0.0387,0.4937,VarianceParTree,zelnik5_y.zip
10,12,3,5,100.0,20.0,0.0,0.4829292297363281,0.2989,343.3217,1.6143,0.8208,0.4099,1.1669,0.622,0.6288,0.8447,0.5008,0.6288,0.545,VarianceParTree,zelnik5_y.zip
10,12,3,5,100.0,20.0,0.1,0.4817478656768799,0.2989,343.3217,1.6143,0.8208,0.4099,1.1669,0.622,0.6288,0.8447,0.5008,0.6288,0.545,VarianceParTree,zelnik5_y.zip
10,12,3,5,100.0,20.0,0.2,0.477015733718872,0.2989,343.3217,1.6143,0.8208,0.4099,1.1669,0.622,0.6288,0.8447,0.5008,0.6288,0.545,VarianceParTree,zelnik5_y.zip
10,12,3,5,inf,100.0,0.0,2.289783000946045,0.2907,341.8132,1.5029,0.8134,0.391,1.1221,0.6032,0.6104,0.8123,0.4889,0.6104,0.5256,VarianceParTree,zelnik5_y.zip
10,12,3,5,inf,100.0,0.1,2.270033597946167,0.2907,341.8132,1.5029,0.8134,0.391,1.1221,0.6032,0.6104,0.8123,0.4889,0.6104,0.5256,VarianceParTree,zelnik5_y.zip
10,12,3,5,inf,100.0,0.2,2.279116630554199,0.2907,341.8132,1.5029,0.8134,0.391,1.1221,0.6032,0.6104,0.8123,0.4889,0.6104,0.5256,VarianceParTree,zelnik5_y.zip
10,12,3,5,inf,20.0,0.0,2.3261501789093018,0.2907,341.8132,1.5029,0.8134,0.391,1.1221,0.6032,0.6104,0.8123,0.4889,0.6104,0.5256,VarianceParTree,zelnik5_y.zip
10,12,3,5,inf,20.0,0.1,2.257558107376098,0.2907,341.8132,1.5029,0.8134,0.391,1.1221,0.6032,0.6104,0.8123,0.4889,0.6104,0.5256,VarianceParTree,zelnik5_y.zip
10,12,3,5,inf,20.0,0.2,2.274416923522949,0.2907,341.8132,1.5029,0.8134,0.391,1.1221,0.6032,0.6104,0.8123,0.4889,0.6104,0.5256,VarianceParTree,zelnik5_y.zip
10,12,3,5,inf,inf,0.0,2.702639102935791,0.2868,3.5153,0.4844,0.2727,0.0033,0.0295,0.0034,0.0387,0.0214,0.2089,0.0387,0.4937,VarianceParTree,zelnik5_y.zip
10,12,3,5,inf,inf,0.1,2.6502909660339355,0.2868,3.5153,0.4844,0.2727,0.0033,0.0295,0.0034,0.0387,0.0214,0.2089,0.0387,0.4937,VarianceParTree,zelnik5_y.zip
10,12,3,5,inf,inf,0.2,2.690459012985229,0.2868,3.5153,0.4844,0.2727,0.0033,0.0295,0.0034,0.0387,0.0214,0.2089,0.0387,0.4937,VarianceParTree,zelnik5_y.zip
10,2,30,50,1000.0,100.0,0.0,0.2681565284729004,0.3394,251.819,1.0811,0.6297,0.2861,0.4549,0.4453,0.4469,0.3293,0.6953,0.4469,0.5694,VarianceParTree,zelnik5_y.zip
10,2,30,50,1000.0,100.0,0.1,0.2657368183135986,0.3394,251.819,1.0811,0.6297,0.2861,0.4549,0.4453,0.4469,0.3293,0.6953,0.4469,0.5694,VarianceParTree,zelnik5_y.zip
10,2,30,50,1000.0,100.0,0.2,0.2678663730621338,0.3394,251.819,1.0811,0.6297,0.2861,0.4549,0.4453,0.4469,0.3293,0.6953,0.4469,0.5694,VarianceParTree,zelnik5_y.zip
10,2,30,50,1000.0,20.0,0.0,0.2611711025238037,0.3394,251.819,1.0811,0.6297,0.2861,0.4549,0.4453,0.4469,0.3293,0.6953,0.4469,0.5694,VarianceParTree,zelnik5_y.zip
10,2,30,50,1000.0,20.0,0.1,0.2842335700988769,0.3394,251.819,1.0811,0.6297,0.2861,0.4549,0.4453,0.4469,0.3293,0.6953,0.4469,0.5694,VarianceParTree,zelnik5_y.zip
10,2,30,50,1000.0,20.0,0.2,0.2684457302093506,0.3394,251.819,1.0811,0.6297,0.2861,0.4549,0.4453,0.4469,0.3293,0.6953,0.4469,0.5694,VarianceParTree,zelnik5_y.zip
10,2,30,50,1000.0,inf,0.0,0.3903992176055908,0.3202,3.6314,0.4768,0.2532,0.0003,0.0029,0.0003,0.0041,0.0021,0.2044,0.0041,0.5003,VarianceParTree,zelnik5_y.zip
10,2,30,50,1000.0,inf,0.1,0.2666776180267334,0.3202,3.6314,0.4768,0.2532,0.0003,0.0029,0.0003,0.0041,0.0021,0.2044,0.0041,0.5003,VarianceParTree,zelnik5_y.zip
10,2,30,50,1000.0,inf,0.2,0.2611074447631836,0.3202,3.6314,0.4768,0.2532,0.0003,0.0029,0.0003,0.0041,0.0021,0.2044,0.0041,0.5003,VarianceParTree,zelnik5_y.zip
10,2,30,50,100.0,20.0,0.0,0.0635018348693847,0.3352,246.4044,1.0798,0.627,0.2839,0.4532,0.4447,0.4463,0.3281,0.6977,0.4463,0.5694,VarianceParTree,zelnik5_y.zip
10,2,30,50,100.0,20.0,0.1,0.0690035820007324,0.3352,246.4044,1.0798,0.627,0.2839,0.4532,0.4447,0.4463,0.3281,0.6977,0.4463,0.5694,VarianceParTree,zelnik5_y.zip
10,2,30,50,100.0,20.0,0.2,0.0658528804779052,0.3352,246.4044,1.0798,0.627,0.2839,0.4532,0.4447,0.4463,0.3281,0.6977,0.4463,0.5694,VarianceParTree,zelnik5_y.zip
10,2,30,50,inf,100.0,0.0,0.2688329219818115,0.3394,251.819,1.0811,0.6297,0.2861,0.4549,0.4453,0.4469,0.3293,0.6953,0.4469,0.5694,VarianceParTree,zelnik5_y.zip
10,2,30,50,inf,100.0,0.1,0.2632703781127929,0.3394,251.819,1.0811,0.6297,0.2861,0.4549,0.4453,0.4469,0.3293,0.6953,0.4469,0.5694,VarianceParTree,zelnik5_y.zip
10,2,30,50,inf,100.0,0.2,0.2657616138458252,0.3394,251.819,1.0811,0.6297,0.2861,0.4549,0.4453,0.4469,0.3293,0.6953,0.4469,0.5694,VarianceParTree,zelnik5_y.zip
10,2,30,50,inf,20.0,0.0,0.2649531364440918,0.3394,251.819,1.0811,0.6297,0.2861,0.4549,0.4453,0.4469,0.3293,0.6953,0.4469,0.5694,VarianceParTree,zelnik5_y.zip
10,2,30,50,inf,20.0,0.1,0.2551853656768799,0.3394,251.819,1.0811,0.6297,0.2861,0.4549,0.4453,0.4469,0.3293,0.6953,0.4469,0.5694,VarianceParTree,zelnik5_y.zip
10,2,30,50,inf,20.0,0.2,0.2638170719146728,0.3394,251.819,1.0811,0.6297,0.2861,0.4549,0.4453,0.4469,0.3293,0.6953,0.4469,0.5694,VarianceParTree,zelnik5_y.zip
10,2,30,50,inf,inf,0.0,0.2675292491912842,0.3202,3.6314,0.4768,0.2532,0.0003,0.0029,0.0003,0.0041,0.0021,0.2044,0.0041,0.5003,VarianceParTree,zelnik5_y.zip
10,2,30,50,inf,inf,0.1,0.268496036529541,0.3202,3.6314,0.4768,0.2532,0.0003,0.0029,0.0003,0.0041,0.0021,0.2044,0.0041,0.5003,VarianceParTree,zelnik5_y.zip
10,2,30,50,inf,inf,0.2,0.2619361877441406,0.3202,3.6314,0.4768,0.2532,0.0003,0.0029,0.0003,0.0041,0.0021,0.2044,0.0041,0.5003,VarianceParTree,zelnik5_y.zip
10,2,30,5,1000.0,100.0,0.0,0.2736647129058838,0.3394,251.819,1.0811,0.6297,0.2861,0.4549,0.4453,0.4469,0.3293,0.6953,0.4469,0.5694,VarianceParTree,zelnik5_y.zip
10,2,30,5,1000.0,100.0,0.1,0.2586824893951416,0.3394,251.819,1.0811,0.6297,0.2861,0.4549,0.4453,0.4469,0.3293,0.6953,0.4469,0.5694,VarianceParTree,zelnik5_y.zip
10,2,30,5,1000.0,100.0,0.2,0.2751009464263916,0.3394,251.819,1.0811,0.6297,0.2861,0.4549,0.4453,0.4469,0.3293,0.6953,0.4469,0.5694,VarianceParTree,zelnik5_y.zip
10,2,30,5,1000.0,20.0,0.0,0.265129804611206,0.3394,251.819,1.0811,0.6297,0.2861,0.4549,0.4453,0.4469,0.3293,0.6953,0.4469,0.5694,VarianceParTree,zelnik5_y.zip
10,2,30,5,1000.0,20.0,0.1,0.263603925704956,0.3394,251.819,1.0811,0.6297,0.2861,0.4549,0.4453,0.4469,0.3293,0.6953,0.4469,0.5694,VarianceParTree,zelnik5_y.zip
10,2,30,5,1000.0,20.0,0.2,0.2594616413116455,0.3394,251.819,1.0811,0.6297,0.2861,0.4549,0.4453,0.4469,0.3293,0.6953,0.4469,0.5694,VarianceParTree,zelnik5_y.zip
10,2,30,5,1000.0,inf,0.0,0.2716348171234131,0.3202,3.6314,0.4768,0.2532,0.0003,0.0029,0.0003,0.0041,0.0021,0.2044,0.0041,0.5003,VarianceParTree,zelnik5_y.zip
10,2,30,5,1000.0,inf,0.1,0.2572946548461914,0.3202,3.6314,0.4768,0.2532,0.0003,0.0029,0.0003,0.0041,0.0021,0.2044,0.0041,0.5003,VarianceParTree,zelnik5_y.zip
10,2,30,5,1000.0,inf,0.2,0.2612817287445068,0.3202,3.6314,0.4768,0.2532,0.0003,0.0029,0.0003,0.0041,0.0021,0.2044,0.0041,0.5003,VarianceParTree,zelnik5_y.zip
10,2,30,5,100.0,20.0,0.0,0.0627362728118896,0.3352,246.4044,1.0798,0.627,0.2839,0.4532,0.4447,0.4463,0.3281,0.6977,0.4463,0.5694,VarianceParTree,zelnik5_y.zip
10,2,30,5,100.0,20.0,0.1,0.0651307106018066,0.3352,246.4044,1.0798,0.627,0.2839,0.4532,0.4447,0.4463,0.3281,0.6977,0.4463,0.5694,VarianceParTree,zelnik5_y.zip
10,2,30,5,100.0,20.0,0.2,0.0629570484161377,0.3352,246.4044,1.0798,0.627,0.2839,0.4532,0.4447,0.4463,0.3281,0.6977,0.4463,0.5694,VarianceParTree,zelnik5_y.zip
10,2,30,5,inf,100.0,0.0,0.278486967086792,0.3394,251.819,1.0811,0.6297,0.2861,0.4549,0.4453,0.4469,0.3293,0.6953,0.4469,0.5694,VarianceParTree,zelnik5_y.zip
10,2,30,5,inf,100.0,0.1,0.3906638622283935,0.3394,251.819,1.0811,0.6297,0.2861,0.4549,0.4453,0.4469,0.3293,0.6953,0.4469,0.5694,VarianceParTree,zelnik5_y.zip
10,2,30,5,inf,100.0,0.2,0.2725529670715332,0.3394,251.819,1.0811,0.6297,0.2861,0.4549,0.4453,0.4469,0.3293,0.6953,0.4469,0.5694,VarianceParTree,zelnik5_y.zip
10,2,30,5,inf,20.0,0.0,0.2701094150543213,0.3394,251.819,1.0811,0.6297,0.2861,0.4549,0.4453,0.4469,0.3293,0.6953,0.4469,0.5694,VarianceParTree,zelnik5_y.zip
10,2,30,5,inf,20.0,0.1,0.2740092277526855,0.3394,251.819,1.0811,0.6297,0.2861,0.4549,0.4453,0.4469,0.3293,0.6953,0.4469,0.5694,VarianceParTree,zelnik5_y.zip
10,2,30,5,inf,20.0,0.2,0.26776123046875,0.3394,251.819,1.0811,0.6297,0.2861,0.4549,0.4453,0.4469,0.3293,0.6953,0.4469,0.5694,VarianceParTree,zelnik5_y.zip
10,2,30,5,inf,inf,0.0,0.2633669376373291,0.3202,3.6314,0.4768,0.2532,0.0003,0.0029,0.0003,0.0041,0.0021,0.2044,0.0041,0.5003,VarianceParTree,zelnik5_y.zip
10,2,30,5,inf,inf,0.1,0.2703955173492431,0.3202,3.6314,0.4768,0.2532,0.0003,0.0029,0.0003,0.0041,0.0021,0.2044,0.0041,0.5003,VarianceParTree,zelnik5_y.zip
10,2,30,5,inf,inf,0.2,0.26336669921875,0.3202,3.6314,0.4768,0.2532,0.0003,0.0029,0.0003,0.0041,0.0021,0.2044,0.0041,0.5003,VarianceParTree,zelnik5_y.zip
10,2,3,50,1000.0,100.0,0.0,0.2737538814544678,0.3394,251.819,1.0811,0.6297,0.2861,0.4549,0.4453,0.4469,0.3293,0.6953,0.4469,0.5694,VarianceParTree,zelnik5_y.zip
10,2,3,50,1000.0,100.0,0.1,0.3949439525604248,0.3394,251.819,1.0811,0.6297,0.2861,0.4549,0.4453,0.4469,0.3293,0.6953,0.4469,0.5694,VarianceParTree,zelnik5_y.zip
10,2,3,50,1000.0,100.0,0.2,0.2670207023620605,0.3394,251.819,1.0811,0.6297,0.2861,0.4549,0.4453,0.4469,0.3293,0.6953,0.4469,0.5694,VarianceParTree,zelnik5_y.zip
10,2,3,50,1000.0,20.0,0.0,0.2594904899597168,0.3394,251.819,1.0811,0.6297,0.2861,0.4549,0.4453,0.4469,0.3293,0.6953,0.4469,0.5694,VarianceParTree,zelnik5_y.zip
10,2,3,50,1000.0,20.0,0.1,0.2648499011993408,0.3394,251.819,1.0811,0.6297,0.2861,0.4549,0.4453,0.4469,0.3293,0.6953,0.4469,0.5694,VarianceParTree,zelnik5_y.zip
10,2,3,50,1000.0,20.0,0.2,0.2718434333801269,0.3394,251.819,1.0811,0.6297,0.2861,0.4549,0.4453,0.4469,0.3293,0.6953,0.4469,0.5694,VarianceParTree,zelnik5_y.zip
10,2,3,50,1000.0,inf,0.0,0.2779271602630615,0.3202,3.6314,0.4768,0.2532,0.0003,0.0029,0.0003,0.0041,0.0021,0.2044,0.0041,0.5003,VarianceParTree,zelnik5_y.zip
10,2,3,50,1000.0,inf,0.1,0.2708756923675537,0.3202,3.6314,0.4768,0.2532,0.0003,0.0029,0.0003,0.0041,0.0021,0.2044,0.0041,0.5003,VarianceParTree,zelnik5_y.zip
10,2,3,50,1000.0,inf,0.2,0.2537059783935547,0.3202,3.6314,0.4768,0.2532,0.0003,0.0029,0.0003,0.0041,0.0021,0.2044,0.0041,0.5003,VarianceParTree,zelnik5_y.zip
10,2,3,50,100.0,20.0,0.0,0.0680272579193115,0.3352,246.4044,1.0798,0.627,0.2839,0.4532,0.4447,0.4463,0.3281,0.6977,0.4463,0.5694,VarianceParTree,zelnik5_y.zip
10,2,3,50,100.0,20.0,0.1,0.0636539459228515,0.3352,246.4044,1.0798,0.627,0.2839,0.4532,0.4447,0.4463,0.3281,0.6977,0.4463,0.5694,VarianceParTree,zelnik5_y.zip
10,2,3,50,100.0,20.0,0.2,0.0651061534881591,0.3352,246.4044,1.0798,0.627,0.2839,0.4532,0.4447,0.4463,0.3281,0.6977,0.4463,0.5694,VarianceParTree,zelnik5_y.zip
10,2,3,50,inf,100.0,0.0,0.2686667442321777,0.3394,251.819,1.0811,0.6297,0.2861,0.4549,0.4453,0.4469,0.3293,0.6953,0.4469,0.5694,VarianceParTree,zelnik5_y.zip
10,2,3,50,inf,100.0,0.1,0.3965151309967041,0.3394,251.819,1.0811,0.6297,0.2861,0.4549,0.4453,0.4469,0.3293,0.6953,0.4469,0.5694,VarianceParTree,zelnik5_y.zip
10,2,3,50,inf,100.0,0.2,0.2663271427154541,0.3394,251.819,1.0811,0.6297,0.2861,0.4549,0.4453,0.4469,0.3293,0.6953,0.4469,0.5694,VarianceParTree,zelnik5_y.zip
10,2,3,50,inf,20.0,0.0,0.2609724998474121,0.3394,251.819,1.0811,0.6297,0.2861,0.4549,0.4453,0.4469,0.3293,0.6953,0.4469,0.5694,VarianceParTree,zelnik5_y.zip
10,2,3,50,inf,20.0,0.1,0.2633674144744873,0.3394,251.819,1.0811,0.6297,0.2861,0.4549,0.4453,0.4469,0.3293,0.6953,0.4469,0.5694,VarianceParTree,zelnik5_y.zip
10,2,3,50,inf,20.0,0.2,0.2748222351074219,0.3394,251.819,1.0811,0.6297,0.2861,0.4549,0.4453,0.4469,0.3293,0.6953,0.4469,0.5694,VarianceParTree,zelnik5_y.zip
10,2,3,50,inf,inf,0.0,0.2599177360534668,0.3202,3.6314,0.4768,0.2532,0.0003,0.0029,0.0003,0.0041,0.0021,0.2044,0.0041,0.5003,VarianceParTree,zelnik5_y.zip
10,2,3,50,inf,inf,0.1,0.2685179710388183,0.3202,3.6314,0.4768,0.2532,0.0003,0.0029,0.0003,0.0041,0.0021,0.2044,0.0041,0.5003,VarianceParTree,zelnik5_y.zip
10,2,3,50,inf,inf,0.2,0.2574837207794189,0.3202,3.6314,0.4768,0.2532,0.0003,0.0029,0.0003,0.0041,0.0021,0.2044,0.0041,0.5003,VarianceParTree,zelnik5_y.zip
10,2,3,5,1000.0,100.0,0.0,0.2756693363189697,0.3394,251.819,1.0811,0.6297,0.2861,0.4549,0.4453,0.4469,0.3293,0.6953,0.4469,0.5694,VarianceParTree,zelnik5_y.zip
10,2,3,5,1000.0,100.0,0.1,0.3893468379974365,0.3394,251.819,1.0811,0.6297,0.2861,0.4549,0.4453,0.4469,0.3293,0.6953,0.4469,0.5694,VarianceParTree,zelnik5_y.zip
10,2,3,5,1000.0,100.0,0.2,0.2713768482208252,0.3394,251.819,1.0811,0.6297,0.2861,0.4549,0.4453,0.4469,0.3293,0.6953,0.4469,0.5694,VarianceParTree,zelnik5_y.zip
10,2,3,5,1000.0,20.0,0.0,0.2690505981445312,0.3394,251.819,1.0811,0.6297,0.2861,0.4549,0.4453,0.4469,0.3293,0.6953,0.4469,0.5694,VarianceParTree,zelnik5_y.zip
10,2,3,5,1000.0,20.0,0.1,0.2710247039794922,0.3394,251.819,1.0811,0.6297,0.2861,0.4549,0.4453,0.4469,0.3293,0.6953,0.4469,0.5694,VarianceParTree,zelnik5_y.zip
10,2,3,5,1000.0,20.0,0.2,0.2573275566101074,0.3394,251.819,1.0811,0.6297,0.2861,0.4549,0.4453,0.4469,0.3293,0.6953,0.4469,0.5694,VarianceParTree,zelnik5_y.zip
10,2,3,5,1000.0,inf,0.0,0.2643647193908691,0.3202,3.6314,0.4768,0.2532,0.0003,0.0029,0.0003,0.0041,0.0021,0.2044,0.0041,0.5003,VarianceParTree,zelnik5_y.zip
10,2,3,5,1000.0,inf,0.1,0.2654969692230224,0.3202,3.6314,0.4768,0.2532,0.0003,0.0029,0.0003,0.0041,0.0021,0.2044,0.0041,0.5003,VarianceParTree,zelnik5_y.zip
10,2,3,5,1000.0,inf,0.2,0.2606589794158935,0.3202,3.6314,0.4768,0.2532,0.0003,0.0029,0.0003,0.0041,0.0021,0.2044,0.0041,0.5003,VarianceParTree,zelnik5_y.zip
10,2,3,5,100.0,20.0,0.0,0.0639753341674804,0.3352,246.4044,1.0798,0.627,0.2839,0.4532,0.4447,0.4463,0.3281,0.6977,0.4463,0.5694,VarianceParTree,zelnik5_y.zip
10,2,3,5,100.0,20.0,0.1,0.0620629787445068,0.3352,246.4044,1.0798,0.627,0.2839,0.4532,0.4447,0.4463,0.3281,0.6977,0.4463,0.5694,VarianceParTree,zelnik5_y.zip
10,2,3,5,100.0,20.0,0.2,0.0607249736785888,0.3352,246.4044,1.0798,0.627,0.2839,0.4532,0.4447,0.4463,0.3281,0.6977,0.4463,0.5694,VarianceParTree,zelnik5_y.zip
10,2,3,5,inf,100.0,0.0,0.3969588279724121,0.3394,251.819,1.0811,0.6297,0.2861,0.4549,0.4453,0.4469,0.3293,0.6953,0.4469,0.5694,VarianceParTree,zelnik5_y.zip
10,2,3,5,inf,100.0,0.1,0.2606923580169678,0.3394,251.819,1.0811,0.6297,0.2861,0.4549,0.4453,0.4469,0.3293,0.6953,0.4469,0.5694,VarianceParTree,zelnik5_y.zip
10,2,3,5,inf,100.0,0.2,0.263322114944458,0.3394,251.819,1.0811,0.6297,0.2861,0.4549,0.4453,0.4469,0.3293,0.6953,0.4469,0.5694,VarianceParTree,zelnik5_y.zip
10,2,3,5,inf,20.0,0.0,0.2610728740692138,0.3394,251.819,1.0811,0.6297,0.2861,0.4549,0.4453,0.4469,0.3293,0.6953,0.4469,0.5694,VarianceParTree,zelnik5_y.zip
10,2,3,5,inf,20.0,0.1,0.2627835273742676,0.3394,251.819,1.0811,0.6297,0.2861,0.4549,0.4453,0.4469,0.3293,0.6953,0.4469,0.5694,VarianceParTree,zelnik5_y.zip
10,2,3,5,inf,20.0,0.2,0.2742736339569092,0.3394,251.819,1.0811,0.6297,0.2861,0.4549,0.4453,0.4469,0.3293,0.6953,0.4469,0.5694,VarianceParTree,zelnik5_y.zip
10,2,3,5,inf,inf,0.0,0.2632308006286621,0.3202,3.6314,0.4768,0.2532,0.0003,0.0029,0.0003,0.0041,0.0021,0.2044,0.0041,0.5003,VarianceParTree,zelnik5_y.zip
10,2,3,5,inf,inf,0.1,0.2637078762054443,0.3202,3.6314,0.4768,0.2532,0.0003,0.0029,0.0003,0.0041,0.0021,0.2044,0.0041,0.5003,VarianceParTree,zelnik5_y.zip
10,2,3,5,inf,inf,0.2,0.2764973640441894,0.3202,3.6314,0.4768,0.2532,0.0003,0.0029,0.0003,0.0041,0.0021,0.2044,0.0041,0.5003,VarianceParTree,zelnik5_y.zip
10,4,30,50,1000.0,100.0,0.0,0.7022724151611328,0.3004,289.7329,1.085,0.7429,0.329,0.5553,0.4019,0.4058,0.402,0.4097,0.4058,0.5023,VarianceParTree,zelnik5_y.zip
10,4,30,50,1000.0,100.0,0.1,0.7030394077301025,0.3004,289.7329,1.085,0.7429,0.329,0.5553,0.4019,0.4058,0.402,0.4097,0.4058,0.5023,VarianceParTree,zelnik5_y.zip
10,4,30,50,1000.0,100.0,0.2,0.8162662982940674,0.3004,289.7329,1.085,0.7429,0.329,0.5553,0.4019,0.4058,0.402,0.4097,0.4058,0.5023,VarianceParTree,zelnik5_y.zip
10,4,30,50,1000.0,20.0,0.0,0.7081537246704102,0.3004,289.7329,1.085,0.7429,0.329,0.5553,0.4019,0.4058,0.402,0.4097,0.4058,0.5023,VarianceParTree,zelnik5_y.zip
10,4,30,50,1000.0,20.0,0.1,0.8441162109375,0.3004,289.7329,1.085,0.7429,0.329,0.5553,0.4019,0.4058,0.402,0.4097,0.4058,0.5023,VarianceParTree,zelnik5_y.zip
10,4,30,50,1000.0,20.0,0.2,0.6818158626556396,0.3004,289.7329,1.085,0.7429,0.329,0.5553,0.4019,0.4058,0.402,0.4097,0.4058,0.5023,VarianceParTree,zelnik5_y.zip
10,4,30,50,1000.0,inf,0.0,0.8027317523956299,0.3107,3.5768,0.4808,0.2575,0.0008,0.0087,0.0008,0.0122,0.0063,0.2054,0.0122,0.4987,VarianceParTree,zelnik5_y.zip
10,4,30,50,1000.0,inf,0.1,0.922394037246704,0.3107,3.5768,0.4808,0.2575,0.0008,0.0087,0.0008,0.0122,0.0063,0.2054,0.0122,0.4987,VarianceParTree,zelnik5_y.zip
10,4,30,50,1000.0,inf,0.2,0.8110189437866211,0.3107,3.5768,0.4808,0.2575,0.0008,0.0087,0.0008,0.0122,0.0063,0.2054,0.0122,0.4987,VarianceParTree,zelnik5_y.zip
10,4,30,50,100.0,20.0,0.0,0.1705398559570312,0.2306,270.7353,1.3757,0.7675,0.4236,0.7183,0.5431,0.5462,0.52,0.5751,0.5462,0.5854,VarianceParTree,zelnik5_y.zip
10,4,30,50,100.0,20.0,0.1,0.177506685256958,0.2306,270.7353,1.3757,0.7675,0.4236,0.7183,0.5431,0.5462,0.52,0.5751,0.5462,0.5854,VarianceParTree,zelnik5_y.zip
10,4,30,50,100.0,20.0,0.2,0.1802930831909179,0.2306,270.7353,1.3757,0.7675,0.4236,0.7183,0.5431,0.5462,0.52,0.5751,0.5462,0.5854,VarianceParTree,zelnik5_y.zip
10,4,30,50,inf,100.0,0.0,0.7038736343383789,0.3004,289.7329,1.085,0.7429,0.329,0.5553,0.4019,0.4058,0.402,0.4097,0.4058,0.5023,VarianceParTree,zelnik5_y.zip
10,4,30,50,inf,100.0,0.1,0.8395242691040039,0.3004,289.7329,1.085,0.7429,0.329,0.5553,0.4019,0.4058,0.402,0.4097,0.4058,0.5023,VarianceParTree,zelnik5_y.zip
10,4,30,50,inf,100.0,0.2,0.6963939666748047,0.3004,289.7329,1.085,0.7429,0.329,0.5553,0.4019,0.4058,0.402,0.4097,0.4058,0.5023,VarianceParTree,zelnik5_y.zip
10,4,30,50,inf,20.0,0.0,0.8445744514465332,0.3004,289.7329,1.085,0.7429,0.329,0.5553,0.4019,0.4058,0.402,0.4097,0.4058,0.5023,VarianceParTree,zelnik5_y.zip
10,4,30,50,inf,20.0,0.1,0.6770389080047607,0.3004,289.7329,1.085,0.7429,0.329,0.5553,0.4019,0.4058,0.402,0.4097,0.4058,0.5023,VarianceParTree,zelnik5_y.zip
10,4,30,50,inf,20.0,0.2,0.712744951248169,0.3004,289.7329,1.085,0.7429,0.329,0.5553,0.4019,0.4058,0.402,0.4097,0.4058,0.5023,VarianceParTree,zelnik5_y.zip
10,4,30,50,inf,inf,0.0,0.9178597927093506,0.3107,3.5768,0.4808,0.2575,0.0008,0.0087,0.0008,0.0122,0.0063,0.2054,0.0122,0.4987,VarianceParTree,zelnik5_y.zip
10,4,30,50,inf,inf,0.1,0.77374267578125,0.3107,3.5768,0.4808,0.2575,0.0008,0.0087,0.0008,0.0122,0.0063,0.2054,0.0122,0.4987,VarianceParTree,zelnik5_y.zip
10,4,30,50,inf,inf,0.2,0.7699465751647949,0.3107,3.5768,0.4808,0.2575,0.0008,0.0087,0.0008,0.0122,0.0063,0.2054,0.0122,0.4987,VarianceParTree,zelnik5_y.zip
10,4,30,5,1000.0,100.0,0.0,0.8503644466400146,0.3004,289.7329,1.085,0.7429,0.329,0.5553,0.4019,0.4058,0.402,0.4097,0.4058,0.5023,VarianceParTree,zelnik5_y.zip
10,4,30,5,1000.0,100.0,0.1,0.6804993152618408,0.3004,289.7329,1.085,0.7429,0.329,0.5553,0.4019,0.4058,0.402,0.4097,0.4058,0.5023,VarianceParTree,zelnik5_y.zip
10,4,30,5,1000.0,100.0,0.2,0.6598947048187256,0.3004,289.7329,1.085,0.7429,0.329,0.5553,0.4019,0.4058,0.402,0.4097,0.4058,0.5023,VarianceParTree,zelnik5_y.zip
10,4,30,5,1000.0,20.0,0.0,0.81443190574646,0.3004,289.7329,1.085,0.7429,0.329,0.5553,0.4019,0.4058,0.402,0.4097,0.4058,0.5023,VarianceParTree,zelnik5_y.zip
10,4,30,5,1000.0,20.0,0.1,0.7085103988647461,0.3004,289.7329,1.085,0.7429,0.329,0.5553,0.4019,0.4058,0.402,0.4097,0.4058,0.5023,VarianceParTree,zelnik5_y.zip
10,4,30,5,1000.0,20.0,0.2,0.6873843669891357,0.3004,289.7329,1.085,0.7429,0.329,0.5553,0.4019,0.4058,0.402,0.4097,0.4058,0.5023,VarianceParTree,zelnik5_y.zip
10,4,30,5,1000.0,inf,0.0,0.780087947845459,0.3107,3.5768,0.4808,0.2575,0.0008,0.0087,0.0008,0.0122,0.0063,0.2054,0.0122,0.4987,VarianceParTree,zelnik5_y.zip
10,4,30,5,1000.0,inf,0.1,0.8069949150085449,0.3107,3.5768,0.4808,0.2575,0.0008,0.0087,0.0008,0.0122,0.0063,0.2054,0.0122,0.4987,VarianceParTree,zelnik5_y.zip
10,4,30,5,1000.0,inf,0.2,0.7826082706451416,0.3107,3.5768,0.4808,0.2575,0.0008,0.0087,0.0008,0.0122,0.0063,0.2054,0.0122,0.4987,VarianceParTree,zelnik5_y.zip
10,4,30,5,100.0,20.0,0.0,0.1857442855834961,0.2306,270.7353,1.3757,0.7675,0.4236,0.7183,0.5431,0.5462,0.52,0.5751,0.5462,0.5854,VarianceParTree,zelnik5_y.zip
10,4,30,5,100.0,20.0,0.1,0.1799495220184326,0.2306,270.7353,1.3757,0.7675,0.4236,0.7183,0.5431,0.5462,0.52,0.5751,0.5462,0.5854,VarianceParTree,zelnik5_y.zip
10,4,30,5,100.0,20.0,0.2,0.1795129776000976,0.2306,270.7353,1.3757,0.7675,0.4236,0.7183,0.5431,0.5462,0.52,0.5751,0.5462,0.5854,VarianceParTree,zelnik5_y.zip
10,4,30,5,inf,100.0,0.0,0.7227084636688232,0.3004,289.7329,1.085,0.7429,0.329,0.5553,0.4019,0.4058,0.402,0.4097,0.4058,0.5023,VarianceParTree,zelnik5_y.zip
10,4,30,5,inf,100.0,0.1,0.7380990982055664,0.3004,289.7329,1.085,0.7429,0.329,0.5553,0.4019,0.4058,0.402,0.4097,0.4058,0.5023,VarianceParTree,zelnik5_y.zip
10,4,30,5,inf,100.0,0.2,0.8226172924041748,0.3004,289.7329,1.085,0.7429,0.329,0.5553,0.4019,0.4058,0.402,0.4097,0.4058,0.5023,VarianceParTree,zelnik5_y.zip
10,4,30,5,inf,20.0,0.0,0.7054386138916016,0.3004,289.7329,1.085,0.7429,0.329,0.5553,0.4019,0.4058,0.402,0.4097,0.4058,0.5023,VarianceParTree,zelnik5_y.zip
10,4,30,5,inf,20.0,0.1,0.6714603900909424,0.3004,289.7329,1.085,0.7429,0.329,0.5553,0.4019,0.4058,0.402,0.4097,0.4058,0.5023,VarianceParTree,zelnik5_y.zip
10,4,30,5,inf,20.0,0.2,0.8261129856109619,0.3004,289.7329,1.085,0.7429,0.329,0.5553,0.4019,0.4058,0.402,0.4097,0.4058,0.5023,VarianceParTree,zelnik5_y.zip
10,4,30,5,inf,inf,0.0,0.781172513961792,0.3107,3.5768,0.4808,0.2575,0.0008,0.0087,0.0008,0.0122,0.0063,0.2054,0.0122,0.4987,VarianceParTree,zelnik5_y.zip
10,4,30,5,inf,inf,0.1,0.7970001697540283,0.3107,3.5768,0.4808,0.2575,0.0008,0.0087,0.0008,0.0122,0.0063,0.2054,0.0122,0.4987,VarianceParTree,zelnik5_y.zip
10,4,30,5,inf,inf,0.2,0.9244930744171144,0.3107,3.5768,0.4808,0.2575,0.0008,0.0087,0.0008,0.0122,0.0063,0.2054,0.0122,0.4987,VarianceParTree,zelnik5_y.zip
10,4,3,50,1000.0,100.0,0.0,0.7066683769226074,0.3004,289.7329,1.085,0.7429,0.329,0.5553,0.4019,0.4058,0.402,0.4097,0.4058,0.5023,VarianceParTree,zelnik5_y.zip
10,4,3,50,1000.0,100.0,0.1,0.7120404243469238,0.3004,289.7329,1.085,0.7429,0.329,0.5553,0.4019,0.4058,0.402,0.4097,0.4058,0.5023,VarianceParTree,zelnik5_y.zip
10,4,3,50,1000.0,100.0,0.2,0.8435349464416504,0.3004,289.7329,1.085,0.7429,0.329,0.5553,0.4019,0.4058,0.402,0.4097,0.4058,0.5023,VarianceParTree,zelnik5_y.zip
10,4,3,50,1000.0,20.0,0.0,0.7117757797241211,0.3004,289.7329,1.085,0.7429,0.329,0.5553,0.4019,0.4058,0.402,0.4097,0.4058,0.5023,VarianceParTree,zelnik5_y.zip
10,4,3,50,1000.0,20.0,0.1,0.8192105293273926,0.3004,289.7329,1.085,0.7429,0.329,0.5553,0.4019,0.4058,0.402,0.4097,0.4058,0.5023,VarianceParTree,zelnik5_y.zip
10,4,3,50,1000.0,20.0,0.2,0.6996431350708008,0.3004,289.7329,1.085,0.7429,0.329,0.5553,0.4019,0.4058,0.402,0.4097,0.4058,0.5023,VarianceParTree,zelnik5_y.zip
10,4,3,50,1000.0,inf,0.0,0.7951037883758545,0.3107,3.5768,0.4808,0.2575,0.0008,0.0087,0.0008,0.0122,0.0063,0.2054,0.0122,0.4987,VarianceParTree,zelnik5_y.zip
10,4,3,50,1000.0,inf,0.1,0.922337532043457,0.3107,3.5768,0.4808,0.2575,0.0008,0.0087,0.0008,0.0122,0.0063,0.2054,0.0122,0.4987,VarianceParTree,zelnik5_y.zip
10,4,3,50,1000.0,inf,0.2,0.8021233081817627,0.3107,3.5768,0.4808,0.2575,0.0008,0.0087,0.0008,0.0122,0.0063,0.2054,0.0122,0.4987,VarianceParTree,zelnik5_y.zip
10,4,3,50,100.0,20.0,0.0,0.1745510101318359,0.2306,270.7353,1.3757,0.7675,0.4236,0.7183,0.5431,0.5462,0.52,0.5751,0.5462,0.5854,VarianceParTree,zelnik5_y.zip
10,4,3,50,100.0,20.0,0.1,0.1856038570404052,0.2306,270.7353,1.3757,0.7675,0.4236,0.7183,0.5431,0.5462,0.52,0.5751,0.5462,0.5854,VarianceParTree,zelnik5_y.zip
10,4,3,50,100.0,20.0,0.2,0.1781022548675537,0.2306,270.7353,1.3757,0.7675,0.4236,0.7183,0.5431,0.5462,0.52,0.5751,0.5462,0.5854,VarianceParTree,zelnik5_y.zip
10,4,3,50,inf,100.0,0.0,0.8166639804840088,0.3004,289.7329,1.085,0.7429,0.329,0.5553,0.4019,0.4058,0.402,0.4097,0.4058,0.5023,VarianceParTree,zelnik5_y.zip
10,4,3,50,inf,100.0,0.1,0.6976995468139648,0.3004,289.7329,1.085,0.7429,0.329,0.5553,0.4019,0.4058,0.402,0.4097,0.4058,0.5023,VarianceParTree,zelnik5_y.zip
10,4,3,50,inf,100.0,0.2,0.6999359130859375,0.3004,289.7329,1.085,0.7429,0.329,0.5553,0.4019,0.4058,0.402,0.4097,0.4058,0.5023,VarianceParTree,zelnik5_y.zip
10,4,3,50,inf,20.0,0.0,0.8054256439208984,0.3004,289.7329,1.085,0.7429,0.329,0.5553,0.4019,0.4058,0.402,0.4097,0.4058,0.5023,VarianceParTree,zelnik5_y.zip
10,4,3,50,inf,20.0,0.1,0.7131388187408447,0.3004,289.7329,1.085,0.7429,0.329,0.5553,0.4019,0.4058,0.402,0.4097,0.4058,0.5023,VarianceParTree,zelnik5_y.zip
10,4,3,50,inf,20.0,0.2,0.7231204509735107,0.3004,289.7329,1.085,0.7429,0.329,0.5553,0.4019,0.4058,0.402,0.4097,0.4058,0.5023,VarianceParTree,zelnik5_y.zip
10,4,3,50,inf,inf,0.0,0.7944629192352295,0.3107,3.5768,0.4808,0.2575,0.0008,0.0087,0.0008,0.0122,0.0063,0.2054,0.0122,0.4987,VarianceParTree,zelnik5_y.zip
10,4,3,50,inf,inf,0.1,0.7849102020263672,0.3107,3.5768,0.4808,0.2575,0.0008,0.0087,0.0008,0.0122,0.0063,0.2054,0.0122,0.4987,VarianceParTree,zelnik5_y.zip
10,4,3,50,inf,inf,0.2,0.8237426280975342,0.3107,3.5768,0.4808,0.2575,0.0008,0.0087,0.0008,0.0122,0.0063,0.2054,0.0122,0.4987,VarianceParTree,zelnik5_y.zip
10,4,3,5,1000.0,100.0,0.0,0.6776638031005859,0.3004,289.7329,1.085,0.7429,0.329,0.5553,0.4019,0.4058,0.402,0.4097,0.4058,0.5023,VarianceParTree,zelnik5_y.zip
10,4,3,5,1000.0,100.0,0.1,0.7156894207000732,0.3004,289.7329,1.085,0.7429,0.329,0.5553,0.4019,0.4058,0.402,0.4097,0.4058,0.5023,VarianceParTree,zelnik5_y.zip
10,4,3,5,1000.0,100.0,0.2,0.8289198875427246,0.3004,289.7329,1.085,0.7429,0.329,0.5553,0.4019,0.4058,0.402,0.4097,0.4058,0.5023,VarianceParTree,zelnik5_y.zip
10,4,3,5,1000.0,20.0,0.0,0.7069706916809082,0.3004,289.7329,1.085,0.7429,0.329,0.5553,0.4019,0.4058,0.402,0.4097,0.4058,0.5023,VarianceParTree,zelnik5_y.zip
10,4,3,5,1000.0,20.0,0.1,0.7025096416473389,0.3004,289.7329,1.085,0.7429,0.329,0.5553,0.4019,0.4058,0.402,0.4097,0.4058,0.5023,VarianceParTree,zelnik5_y.zip
10,4,3,5,1000.0,20.0,0.2,0.8249392509460449,0.3004,289.7329,1.085,0.7429,0.329,0.5553,0.4019,0.4058,0.402,0.4097,0.4058,0.5023,VarianceParTree,zelnik5_y.zip
10,4,3,5,1000.0,inf,0.0,0.7862734794616699,0.3107,3.5768,0.4808,0.2575,0.0008,0.0087,0.0008,0.0122,0.0063,0.2054,0.0122,0.4987,VarianceParTree,zelnik5_y.zip
10,4,3,5,1000.0,inf,0.1,0.7811973094940186,0.3107,3.5768,0.4808,0.2575,0.0008,0.0087,0.0008,0.0122,0.0063,0.2054,0.0122,0.4987,VarianceParTree,zelnik5_y.zip
10,4,3,5,1000.0,inf,0.2,0.897388219833374,0.3107,3.5768,0.4808,0.2575,0.0008,0.0087,0.0008,0.0122,0.0063,0.2054,0.0122,0.4987,VarianceParTree,zelnik5_y.zip
10,4,3,5,100.0,20.0,0.0,0.1697261333465576,0.2306,270.7353,1.3757,0.7675,0.4236,0.7183,0.5431,0.5462,0.52,0.5751,0.5462,0.5854,VarianceParTree,zelnik5_y.zip
10,4,3,5,100.0,20.0,0.1,0.1892430782318115,0.2306,270.7353,1.3757,0.7675,0.4236,0.7183,0.5431,0.5462,0.52,0.5751,0.5462,0.5854,VarianceParTree,zelnik5_y.zip
10,4,3,5,100.0,20.0,0.2,0.1845719814300537,0.2306,270.7353,1.3757,0.7675,0.4236,0.7183,0.5431,0.5462,0.52,0.5751,0.5462,0.5854,VarianceParTree,zelnik5_y.zip
10,4,3,5,inf,100.0,0.0,0.6913154125213623,0.3004,289.7329,1.085,0.7429,0.329,0.5553,0.4019,0.4058,0.402,0.4097,0.4058,0.5023,VarianceParTree,zelnik5_y.zip
10,4,3,5,inf,100.0,0.1,0.8159763813018799,0.3004,289.7329,1.085,0.7429,0.329,0.5553,0.4019,0.4058,0.402,0.4097,0.4058,0.5023,VarianceParTree,zelnik5_y.zip
10,4,3,5,inf,100.0,0.2,0.7139196395874023,0.3004,289.7329,1.085,0.7429,0.329,0.5553,0.4019,0.4058,0.402,0.4097,0.4058,0.5023,VarianceParTree,zelnik5_y.zip
10,4,3,5,inf,20.0,0.0,0.6771717071533203,0.3004,289.7329,1.085,0.7429,0.329,0.5553,0.4019,0.4058,0.402,0.4097,0.4058,0.5023,VarianceParTree,zelnik5_y.zip
10,4,3,5,inf,20.0,0.1,0.8038663864135742,0.3004,289.7329,1.085,0.7429,0.329,0.5553,0.4019,0.4058,0.402,0.4097,0.4058,0.5023,VarianceParTree,zelnik5_y.zip
10,4,3,5,inf,20.0,0.2,0.704456090927124,0.3004,289.7329,1.085,0.7429,0.329,0.5553,0.4019,0.4058,0.402,0.4097,0.4058,0.5023,VarianceParTree,zelnik5_y.zip
10,4,3,5,inf,inf,0.0,0.916367530822754,0.3107,3.5768,0.4808,0.2575,0.0008,0.0087,0.0008,0.0122,0.0063,0.2054,0.0122,0.4987,VarianceParTree,zelnik5_y.zip
10,4,3,5,inf,inf,0.1,0.7774889469146729,0.3107,3.5768,0.4808,0.2575,0.0008,0.0087,0.0008,0.0122,0.0063,0.2054,0.0122,0.4987,VarianceParTree,zelnik5_y.zip
10,4,3,5,inf,inf,0.2,0.7875113487243652,0.3107,3.5768,0.4808,0.2575,0.0008,0.0087,0.0008,0.0122,0.0063,0.2054,0.0122,0.4987,VarianceParTree,zelnik5_y.zip
10,6,30,50,1000.0,100.0,0.0,1.0945713520050049,0.1897,245.5155,1.2806,0.7441,0.2642,0.6039,0.3903,0.3964,0.4372,0.3626,0.3964,0.4289,VarianceParTree,zelnik5_y.zip
10,6,30,50,1000.0,100.0,0.1,1.2017970085144043,0.1897,245.5155,1.2806,0.7441,0.2642,0.6039,0.3903,0.3964,0.4372,0.3626,0.3964,0.4289,VarianceParTree,zelnik5_y.zip
10,6,30,50,1000.0,100.0,0.2,1.1012346744537354,0.1897,245.5155,1.2806,0.7441,0.2642,0.6039,0.3903,0.3964,0.4372,0.3626,0.3964,0.4289,VarianceParTree,zelnik5_y.zip
10,6,30,50,1000.0,20.0,0.0,1.219020128250122,0.1897,245.5155,1.2806,0.7441,0.2642,0.6039,0.3903,0.3964,0.4372,0.3626,0.3964,0.4289,VarianceParTree,zelnik5_y.zip
10,6,30,50,1000.0,20.0,0.1,1.0593740940093994,0.1897,245.5155,1.2806,0.7441,0.2642,0.6039,0.3903,0.3964,0.4372,0.3626,0.3964,0.4289,VarianceParTree,zelnik5_y.zip
10,6,30,50,1000.0,20.0,0.2,1.1994178295135498,0.1897,245.5155,1.2806,0.7441,0.2642,0.6039,0.3903,0.3964,0.4372,0.3626,0.3964,0.4289,VarianceParTree,zelnik5_y.zip
10,6,30,50,1000.0,inf,0.0,1.3106281757354736,0.3047,3.5878,0.4805,0.2618,0.0014,0.0146,0.0015,0.0201,0.0106,0.2064,0.0201,0.4972,VarianceParTree,zelnik5_y.zip
10,6,30,50,1000.0,inf,0.1,1.4197654724121094,0.3047,3.5878,0.4805,0.2618,0.0014,0.0146,0.0015,0.0201,0.0106,0.2064,0.0201,0.4972,VarianceParTree,zelnik5_y.zip
10,6,30,50,1000.0,inf,0.2,1.3229084014892578,0.3047,3.5878,0.4805,0.2618,0.0014,0.0146,0.0015,0.0201,0.0106,0.2064,0.0201,0.4972,VarianceParTree,zelnik5_y.zip
10,6,30,50,100.0,20.0,0.0,0.2549104690551758,0.1873,239.6841,1.4755,0.7749,0.383,0.7566,0.5071,0.5122,0.5477,0.481,0.5122,0.5311,VarianceParTree,zelnik5_y.zip
10,6,30,50,100.0,20.0,0.1,0.2458105087280273,0.1873,239.6841,1.4755,0.7749,0.383,0.7566,0.5071,0.5122,0.5477,0.481,0.5122,0.5311,VarianceParTree,zelnik5_y.zip
10,6,30,50,100.0,20.0,0.2,0.2605209350585937,0.1873,239.6841,1.4755,0.7749,0.383,0.7566,0.5071,0.5122,0.5477,0.481,0.5122,0.5311,VarianceParTree,zelnik5_y.zip
10,6,30,50,inf,100.0,0.0,1.078808069229126,0.1897,245.5155,1.2806,0.7441,0.2642,0.6039,0.3903,0.3964,0.4372,0.3626,0.3964,0.4289,VarianceParTree,zelnik5_y.zip
10,6,30,50,inf,100.0,0.1,1.228548526763916,0.1897,245.5155,1.2806,0.7441,0.2642,0.6039,0.3903,0.3964,0.4372,0.3626,0.3964,0.4289,VarianceParTree,zelnik5_y.zip
10,6,30,50,inf,100.0,0.2,1.0782272815704346,0.1897,245.5155,1.2806,0.7441,0.2642,0.6039,0.3903,0.3964,0.4372,0.3626,0.3964,0.4289,VarianceParTree,zelnik5_y.zip
10,6,30,50,inf,20.0,0.0,1.0494036674499512,0.1897,245.5155,1.2806,0.7441,0.2642,0.6039,0.3903,0.3964,0.4372,0.3626,0.3964,0.4289,VarianceParTree,zelnik5_y.zip
10,6,30,50,inf,20.0,0.1,1.2233357429504397,0.1897,245.5155,1.2806,0.7441,0.2642,0.6039,0.3903,0.3964,0.4372,0.3626,0.3964,0.4289,VarianceParTree,zelnik5_y.zip
10,6,30,50,inf,20.0,0.2,1.2108943462371826,0.1897,245.5155,1.2806,0.7441,0.2642,0.6039,0.3903,0.3964,0.4372,0.3626,0.3964,0.4289,VarianceParTree,zelnik5_y.zip
10,6,30,50,inf,inf,0.0,1.3214163780212402,0.3047,3.5878,0.4805,0.2618,0.0014,0.0146,0.0015,0.0201,0.0106,0.2064,0.0201,0.4972,VarianceParTree,zelnik5_y.zip
10,6,30,50,inf,inf,0.1,1.3283710479736328,0.3047,3.5878,0.4805,0.2618,0.0014,0.0146,0.0015,0.0201,0.0106,0.2064,0.0201,0.4972,VarianceParTree,zelnik5_y.zip
10,6,30,50,inf,inf,0.2,1.4233858585357666,0.3047,3.5878,0.4805,0.2618,0.0014,0.0146,0.0015,0.0201,0.0106,0.2064,0.0201,0.4972,VarianceParTree,zelnik5_y.zip
10,6,30,5,1000.0,100.0,0.0,1.078444480895996,0.1897,245.5155,1.2806,0.7441,0.2642,0.6039,0.3903,0.3964,0.4372,0.3626,0.3964,0.4289,VarianceParTree,zelnik5_y.zip
10,6,30,5,1000.0,100.0,0.1,1.2265222072601318,0.1897,245.5155,1.2806,0.7441,0.2642,0.6039,0.3903,0.3964,0.4372,0.3626,0.3964,0.4289,VarianceParTree,zelnik5_y.zip
10,6,30,5,1000.0,100.0,0.2,1.091423511505127,0.1897,245.5155,1.2806,0.7441,0.2642,0.6039,0.3903,0.3964,0.4372,0.3626,0.3964,0.4289,VarianceParTree,zelnik5_y.zip
10,6,30,5,1000.0,20.0,0.0,1.2155961990356443,0.1897,245.5155,1.2806,0.7441,0.2642,0.6039,0.3903,0.3964,0.4372,0.3626,0.3964,0.4289,VarianceParTree,zelnik5_y.zip
10,6,30,5,1000.0,20.0,0.1,1.0840725898742676,0.1897,245.5155,1.2806,0.7441,0.2642,0.6039,0.3903,0.3964,0.4372,0.3626,0.3964,0.4289,VarianceParTree,zelnik5_y.zip
10,6,30,5,1000.0,20.0,0.2,1.1876184940338137,0.1897,245.5155,1.2806,0.7441,0.2642,0.6039,0.3903,0.3964,0.4372,0.3626,0.3964,0.4289,VarianceParTree,zelnik5_y.zip
10,6,30,5,1000.0,inf,0.0,1.4417996406555176,0.3047,3.5878,0.4805,0.2618,0.0014,0.0146,0.0015,0.0201,0.0106,0.2064,0.0201,0.4972,VarianceParTree,zelnik5_y.zip
10,6,30,5,1000.0,inf,0.1,1.2845892906188965,0.3047,3.5878,0.4805,0.2618,0.0014,0.0146,0.0015,0.0201,0.0106,0.2064,0.0201,0.4972,VarianceParTree,zelnik5_y.zip
10,6,30,5,1000.0,inf,0.2,1.2970595359802246,0.3047,3.5878,0.4805,0.2618,0.0014,0.0146,0.0015,0.0201,0.0106,0.2064,0.0201,0.4972,VarianceParTree,zelnik5_y.zip
10,6,30,5,100.0,20.0,0.0,0.249561071395874,0.1873,239.6841,1.4755,0.7749,0.383,0.7566,0.5071,0.5122,0.5477,0.481,0.5122,0.5311,VarianceParTree,zelnik5_y.zip
10,6,30,5,100.0,20.0,0.1,0.2511258125305176,0.1873,239.6841,1.4755,0.7749,0.383,0.7566,0.5071,0.5122,0.5477,0.481,0.5122,0.5311,VarianceParTree,zelnik5_y.zip
10,6,30,5,100.0,20.0,0.2,0.2735211849212646,0.1873,239.6841,1.4755,0.7749,0.383,0.7566,0.5071,0.5122,0.5477,0.481,0.5122,0.5311,VarianceParTree,zelnik5_y.zip
10,6,30,5,inf,100.0,0.0,1.0987677574157717,0.1897,245.5155,1.2806,0.7441,0.2642,0.6039,0.3903,0.3964,0.4372,0.3626,0.3964,0.4289,VarianceParTree,zelnik5_y.zip
10,6,30,5,inf,100.0,0.1,1.2034010887145996,0.1897,245.5155,1.2806,0.7441,0.2642,0.6039,0.3903,0.3964,0.4372,0.3626,0.3964,0.4289,VarianceParTree,zelnik5_y.zip
10,6,30,5,inf,100.0,0.2,1.0765759944915771,0.1897,245.5155,1.2806,0.7441,0.2642,0.6039,0.3903,0.3964,0.4372,0.3626,0.3964,0.4289,VarianceParTree,zelnik5_y.zip
10,6,30,5,inf,20.0,0.0,1.2200376987457275,0.1897,245.5155,1.2806,0.7441,0.2642,0.6039,0.3903,0.3964,0.4372,0.3626,0.3964,0.4289,VarianceParTree,zelnik5_y.zip
10,6,30,5,inf,20.0,0.1,1.101633071899414,0.1897,245.5155,1.2806,0.7441,0.2642,0.6039,0.3903,0.3964,0.4372,0.3626,0.3964,0.4289,VarianceParTree,zelnik5_y.zip
10,6,30,5,inf,20.0,0.2,1.2062270641326904,0.1897,245.5155,1.2806,0.7441,0.2642,0.6039,0.3903,0.3964,0.4372,0.3626,0.3964,0.4289,VarianceParTree,zelnik5_y.zip
10,6,30,5,inf,inf,0.0,1.2882885932922363,0.3047,3.5878,0.4805,0.2618,0.0014,0.0146,0.0015,0.0201,0.0106,0.2064,0.0201,0.4972,VarianceParTree,zelnik5_y.zip
10,6,30,5,inf,inf,0.1,1.4239530563354492,0.3047,3.5878,0.4805,0.2618,0.0014,0.0146,0.0015,0.0201,0.0106,0.2064,0.0201,0.4972,VarianceParTree,zelnik5_y.zip
10,6,30,5,inf,inf,0.2,1.2919681072235107,0.3047,3.5878,0.4805,0.2618,0.0014,0.0146,0.0015,0.0201,0.0106,0.2064,0.0201,0.4972,VarianceParTree,zelnik5_y.zip
10,6,3,50,1000.0,100.0,0.0,1.238847732543945,0.1897,245.5155,1.2806,0.7441,0.2642,0.6039,0.3903,0.3964,0.4372,0.3626,0.3964,0.4289,VarianceParTree,zelnik5_y.zip
10,6,3,50,1000.0,100.0,0.1,1.0666120052337646,0.1897,245.5155,1.2806,0.7441,0.2642,0.6039,0.3903,0.3964,0.4372,0.3626,0.3964,0.4289,VarianceParTree,zelnik5_y.zip
10,6,3,50,1000.0,100.0,0.2,1.2200121879577637,0.1897,245.5155,1.2806,0.7441,0.2642,0.6039,0.3903,0.3964,0.4372,0.3626,0.3964,0.4289,VarianceParTree,zelnik5_y.zip
10,6,3,50,1000.0,20.0,0.0,1.0779283046722412,0.1897,245.5155,1.2806,0.7441,0.2642,0.6039,0.3903,0.3964,0.4372,0.3626,0.3964,0.4289,VarianceParTree,zelnik5_y.zip
10,6,3,50,1000.0,20.0,0.1,1.2289330959320068,0.1897,245.5155,1.2806,0.7441,0.2642,0.6039,0.3903,0.3964,0.4372,0.3626,0.3964,0.4289,VarianceParTree,zelnik5_y.zip
10,6,3,50,1000.0,20.0,0.2,1.079932451248169,0.1897,245.5155,1.2806,0.7441,0.2642,0.6039,0.3903,0.3964,0.4372,0.3626,0.3964,0.4289,VarianceParTree,zelnik5_y.zip
10,6,3,50,1000.0,inf,0.0,1.4080085754394531,0.3047,3.5878,0.4805,0.2618,0.0014,0.0146,0.0015,0.0201,0.0106,0.2064,0.0201,0.4972,VarianceParTree,zelnik5_y.zip
10,6,3,50,1000.0,inf,0.1,1.2914302349090576,0.3047,3.5878,0.4805,0.2618,0.0014,0.0146,0.0015,0.0201,0.0106,0.2064,0.0201,0.4972,VarianceParTree,zelnik5_y.zip
10,6,3,50,1000.0,inf,0.2,1.4231469631195068,0.3047,3.5878,0.4805,0.2618,0.0014,0.0146,0.0015,0.0201,0.0106,0.2064,0.0201,0.4972,VarianceParTree,zelnik5_y.zip
10,6,3,50,100.0,20.0,0.0,0.2480051517486572,0.1873,239.6841,1.4755,0.7749,0.383,0.7566,0.5071,0.5122,0.5477,0.481,0.5122,0.5311,VarianceParTree,zelnik5_y.zip
10,6,3,50,100.0,20.0,0.1,0.2578413486480713,0.1873,239.6841,1.4755,0.7749,0.383,0.7566,0.5071,0.5122,0.5477,0.481,0.5122,0.5311,VarianceParTree,zelnik5_y.zip
10,6,3,50,100.0,20.0,0.2,0.2511427402496338,0.1873,239.6841,1.4755,0.7749,0.383,0.7566,0.5071,0.5122,0.5477,0.481,0.5122,0.5311,VarianceParTree,zelnik5_y.zip
10,6,3,50,inf,100.0,0.0,1.085196018218994,0.1897,245.5155,1.2806,0.7441,0.2642,0.6039,0.3903,0.3964,0.4372,0.3626,0.3964,0.4289,VarianceParTree,zelnik5_y.zip
10,6,3,50,inf,100.0,0.1,1.219602346420288,0.1897,245.5155,1.2806,0.7441,0.2642,0.6039,0.3903,0.3964,0.4372,0.3626,0.3964,0.4289,VarianceParTree,zelnik5_y.zip
10,6,3,50,inf,100.0,0.2,1.0805182456970217,0.1897,245.5155,1.2806,0.7441,0.2642,0.6039,0.3903,0.3964,0.4372,0.3626,0.3964,0.4289,VarianceParTree,zelnik5_y.zip
10,6,3,50,inf,20.0,0.0,1.2140381336212158,0.1897,245.5155,1.2806,0.7441,0.2642,0.6039,0.3903,0.3964,0.4372,0.3626,0.3964,0.4289,VarianceParTree,zelnik5_y.zip
10,6,3,50,inf,20.0,0.1,1.0584955215454102,0.1897,245.5155,1.2806,0.7441,0.2642,0.6039,0.3903,0.3964,0.4372,0.3626,0.3964,0.4289,VarianceParTree,zelnik5_y.zip
10,6,3,50,inf,20.0,0.2,1.1952295303344729,0.1897,245.5155,1.2806,0.7441,0.2642,0.6039,0.3903,0.3964,0.4372,0.3626,0.3964,0.4289,VarianceParTree,zelnik5_y.zip
10,6,3,50,inf,inf,0.0,1.3403396606445312,0.3047,3.5878,0.4805,0.2618,0.0014,0.0146,0.0015,0.0201,0.0106,0.2064,0.0201,0.4972,VarianceParTree,zelnik5_y.zip
10,6,3,50,inf,inf,0.1,1.4384210109710691,0.3047,3.5878,0.4805,0.2618,0.0014,0.0146,0.0015,0.0201,0.0106,0.2064,0.0201,0.4972,VarianceParTree,zelnik5_y.zip
10,6,3,50,inf,inf,0.2,1.313870906829834,0.3047,3.5878,0.4805,0.2618,0.0014,0.0146,0.0015,0.0201,0.0106,0.2064,0.0201,0.4972,VarianceParTree,zelnik5_y.zip
10,6,3,5,1000.0,100.0,0.0,1.2028286457061768,0.1897,245.5155,1.2806,0.7441,0.2642,0.6039,0.3903,0.3964,0.4372,0.3626,0.3964,0.4289,VarianceParTree,zelnik5_y.zip
10,6,3,5,1000.0,100.0,0.1,1.0745773315429688,0.1897,245.5155,1.2806,0.7441,0.2642,0.6039,0.3903,0.3964,0.4372,0.3626,0.3964,0.4289,VarianceParTree,zelnik5_y.zip
10,6,3,5,1000.0,100.0,0.2,1.2163894176483154,0.1897,245.5155,1.2806,0.7441,0.2642,0.6039,0.3903,0.3964,0.4372,0.3626,0.3964,0.4289,VarianceParTree,zelnik5_y.zip
10,6,3,5,1000.0,20.0,0.0,1.0680899620056152,0.1897,245.5155,1.2806,0.7441,0.2642,0.6039,0.3903,0.3964,0.4372,0.3626,0.3964,0.4289,VarianceParTree,zelnik5_y.zip
10,6,3,5,1000.0,20.0,0.1,1.196234941482544,0.1897,245.5155,1.2806,0.7441,0.2642,0.6039,0.3903,0.3964,0.4372,0.3626,0.3964,0.4289,VarianceParTree,zelnik5_y.zip
10,6,3,5,1000.0,20.0,0.2,1.0749027729034424,0.1897,245.5155,1.2806,0.7441,0.2642,0.6039,0.3903,0.3964,0.4372,0.3626,0.3964,0.4289,VarianceParTree,zelnik5_y.zip
10,6,3,5,1000.0,inf,0.0,1.459707260131836,0.3047,3.5878,0.4805,0.2618,0.0014,0.0146,0.0015,0.0201,0.0106,0.2064,0.0201,0.4972,VarianceParTree,zelnik5_y.zip
10,6,3,5,1000.0,inf,0.1,1.292595624923706,0.3047,3.5878,0.4805,0.2618,0.0014,0.0146,0.0015,0.0201,0.0106,0.2064,0.0201,0.4972,VarianceParTree,zelnik5_y.zip
10,6,3,5,1000.0,inf,0.2,1.453702449798584,0.3047,3.5878,0.4805,0.2618,0.0014,0.0146,0.0015,0.0201,0.0106,0.2064,0.0201,0.4972,VarianceParTree,zelnik5_y.zip
10,6,3,5,100.0,20.0,0.0,0.2570490837097168,0.1873,239.6841,1.4755,0.7749,0.383,0.7566,0.5071,0.5122,0.5477,0.481,0.5122,0.5311,VarianceParTree,zelnik5_y.zip
10,6,3,5,100.0,20.0,0.1,0.2494175434112548,0.1873,239.6841,1.4755,0.7749,0.383,0.7566,0.5071,0.5122,0.5477,0.481,0.5122,0.5311,VarianceParTree,zelnik5_y.zip
10,6,3,5,100.0,20.0,0.2,0.2520687580108642,0.1873,239.6841,1.4755,0.7749,0.383,0.7566,0.5071,0.5122,0.5477,0.481,0.5122,0.5311,VarianceParTree,zelnik5_y.zip
10,6,3,5,inf,100.0,0.0,1.0556888580322266,0.1897,245.5155,1.2806,0.7441,0.2642,0.6039,0.3903,0.3964,0.4372,0.3626,0.3964,0.4289,VarianceParTree,zelnik5_y.zip
10,6,3,5,inf,100.0,0.1,1.207895040512085,0.1897,245.5155,1.2806,0.7441,0.2642,0.6039,0.3903,0.3964,0.4372,0.3626,0.3964,0.4289,VarianceParTree,zelnik5_y.zip
10,6,3,5,inf,100.0,0.2,1.0718834400177002,0.1897,245.5155,1.2806,0.7441,0.2642,0.6039,0.3903,0.3964,0.4372,0.3626,0.3964,0.4289,VarianceParTree,zelnik5_y.zip
10,6,3,5,inf,20.0,0.0,1.2194294929504397,0.1897,245.5155,1.2806,0.7441,0.2642,0.6039,0.3903,0.3964,0.4372,0.3626,0.3964,0.4289,VarianceParTree,zelnik5_y.zip
10,6,3,5,inf,20.0,0.1,1.0891461372375488,0.1897,245.5155,1.2806,0.7441,0.2642,0.6039,0.3903,0.3964,0.4372,0.3626,0.3964,0.4289,VarianceParTree,zelnik5_y.zip
10,6,3,5,inf,20.0,0.2,1.1952881813049316,0.1897,245.5155,1.2806,0.7441,0.2642,0.6039,0.3903,0.3964,0.4372,0.3626,0.3964,0.4289,VarianceParTree,zelnik5_y.zip
10,6,3,5,inf,inf,0.0,1.2982633113861084,0.3047,3.5878,0.4805,0.2618,0.0014,0.0146,0.0015,0.0201,0.0106,0.2064,0.0201,0.4972,VarianceParTree,zelnik5_y.zip
10,6,3,5,inf,inf,0.1,1.4295423030853271,0.3047,3.5878,0.4805,0.2618,0.0014,0.0146,0.0015,0.0201,0.0106,0.2064,0.0201,0.4972,VarianceParTree,zelnik5_y.zip
10,6,3,5,inf,inf,0.2,1.296458721160889,0.3047,3.5878,0.4805,0.2618,0.0014,0.0146,0.0015,0.0201,0.0106,0.2064,0.0201,0.4972,VarianceParTree,zelnik5_y.zip
10,8,30,50,1000.0,100.0,0.0,1.527172565460205,0.2549,310.8254,1.8357,0.7827,0.3388,0.862,0.5154,0.5217,0.6241,0.4482,0.5217,0.4792,VarianceParTree,zelnik5_y.zip
10,8,30,50,1000.0,100.0,0.1,1.4042093753814695,0.2549,310.8254,1.8357,0.7827,0.3388,0.862,0.5154,0.5217,0.6241,0.4482,0.5217,0.4792,VarianceParTree,zelnik5_y.zip
10,8,30,50,1000.0,100.0,0.2,1.5598371028900146,0.2549,310.8254,1.8357,0.7827,0.3388,0.862,0.5154,0.5217,0.6241,0.4482,0.5217,0.4792,VarianceParTree,zelnik5_y.zip
10,8,30,50,1000.0,20.0,0.0,1.5734694004058838,0.2549,310.8254,1.8357,0.7827,0.3388,0.862,0.5154,0.5217,0.6241,0.4482,0.5217,0.4792,VarianceParTree,zelnik5_y.zip
10,8,30,50,1000.0,20.0,0.1,1.4276938438415527,0.2549,310.8254,1.8357,0.7827,0.3388,0.862,0.5154,0.5217,0.6241,0.4482,0.5217,0.4792,VarianceParTree,zelnik5_y.zip
10,8,30,50,1000.0,20.0,0.2,1.5572478771209717,0.2549,310.8254,1.8357,0.7827,0.3388,0.862,0.5154,0.5217,0.6241,0.4482,0.5217,0.4792,VarianceParTree,zelnik5_y.zip
10,8,30,50,1000.0,inf,0.0,1.7566595077514648,0.2996,3.5605,0.4816,0.2662,0.0021,0.0205,0.0022,0.0277,0.0148,0.2074,0.0277,0.4958,VarianceParTree,zelnik5_y.zip
10,8,30,50,1000.0,inf,0.1,1.9154088497161863,0.2996,3.5605,0.4816,0.2662,0.0021,0.0205,0.0022,0.0277,0.0148,0.2074,0.0277,0.4958,VarianceParTree,zelnik5_y.zip
10,8,30,50,1000.0,inf,0.2,1.9459853172302248,0.2996,3.5605,0.4816,0.2662,0.0021,0.0205,0.0022,0.0277,0.0148,0.2074,0.0277,0.4958,VarianceParTree,zelnik5_y.zip
10,8,30,50,100.0,20.0,0.0,0.320669412612915,0.2718,333.4553,2.0185,0.7934,0.3653,0.9335,0.5544,0.5601,0.6758,0.4782,0.5601,0.5006,VarianceParTree,zelnik5_y.zip
10,8,30,50,100.0,20.0,0.1,0.3357622623443603,0.2718,333.4553,2.0185,0.7934,0.3653,0.9335,0.5544,0.5601,0.6758,0.4782,0.5601,0.5006,VarianceParTree,zelnik5_y.zip
10,8,30,50,100.0,20.0,0.2,0.3324599266052246,0.2718,333.4553,2.0185,0.7934,0.3653,0.9335,0.5544,0.5601,0.6758,0.4782,0.5601,0.5006,VarianceParTree,zelnik5_y.zip
10,8,30,50,inf,100.0,0.0,1.4635951519012451,0.2549,310.8254,1.8357,0.7827,0.3388,0.862,0.5154,0.5217,0.6241,0.4482,0.5217,0.4792,VarianceParTree,zelnik5_y.zip
10,8,30,50,inf,100.0,0.1,1.5695104598999023,0.2549,310.8254,1.8357,0.7827,0.3388,0.862,0.5154,0.5217,0.6241,0.4482,0.5217,0.4792,VarianceParTree,zelnik5_y.zip
10,8,30,50,inf,100.0,0.2,1.573279619216919,0.2549,310.8254,1.8357,0.7827,0.3388,0.862,0.5154,0.5217,0.6241,0.4482,0.5217,0.4792,VarianceParTree,zelnik5_y.zip
10,8,30,50,inf,20.0,0.0,1.4436662197113037,0.2549,310.8254,1.8357,0.7827,0.3388,0.862,0.5154,0.5217,0.6241,0.4482,0.5217,0.4792,VarianceParTree,zelnik5_y.zip
10,8,30,50,inf,20.0,0.1,1.5723462104797363,0.2549,310.8254,1.8357,0.7827,0.3388,0.862,0.5154,0.5217,0.6241,0.4482,0.5217,0.4792,VarianceParTree,zelnik5_y.zip
10,8,30,50,inf,20.0,0.2,1.5760478973388672,0.2549,310.8254,1.8357,0.7827,0.3388,0.862,0.5154,0.5217,0.6241,0.4482,0.5217,0.4792,VarianceParTree,zelnik5_y.zip
10,8,30,50,inf,inf,0.0,1.808656930923462,0.2996,3.5605,0.4816,0.2662,0.0021,0.0205,0.0022,0.0277,0.0148,0.2074,0.0277,0.4958,VarianceParTree,zelnik5_y.zip
10,8,30,50,inf,inf,0.1,1.938154697418213,0.2996,3.5605,0.4816,0.2662,0.0021,0.0205,0.0022,0.0277,0.0148,0.2074,0.0277,0.4958,VarianceParTree,zelnik5_y.zip
10,8,30,50,inf,inf,0.2,1.923189163208008,0.2996,3.5605,0.4816,0.2662,0.0021,0.0205,0.0022,0.0277,0.0148,0.2074,0.0277,0.4958,VarianceParTree,zelnik5_y.zip
10,8,30,5,1000.0,100.0,0.0,1.5517160892486572,0.2549,310.8254,1.8357,0.7827,0.3388,0.862,0.5154,0.5217,0.6241,0.4482,0.5217,0.4792,VarianceParTree,zelnik5_y.zip
10,8,30,5,1000.0,100.0,0.1,1.5552198886871338,0.2549,310.8254,1.8357,0.7827,0.3388,0.862,0.5154,0.5217,0.6241,0.4482,0.5217,0.4792,VarianceParTree,zelnik5_y.zip
10,8,30,5,1000.0,100.0,0.2,1.422905445098877,0.2549,310.8254,1.8357,0.7827,0.3388,0.862,0.5154,0.5217,0.6241,0.4482,0.5217,0.4792,VarianceParTree,zelnik5_y.zip
10,8,30,5,1000.0,20.0,0.0,1.551790475845337,0.2549,310.8254,1.8357,0.7827,0.3388,0.862,0.5154,0.5217,0.6241,0.4482,0.5217,0.4792,VarianceParTree,zelnik5_y.zip
10,8,30,5,1000.0,20.0,0.1,1.6032233238220217,0.2549,310.8254,1.8357,0.7827,0.3388,0.862,0.5154,0.5217,0.6241,0.4482,0.5217,0.4792,VarianceParTree,zelnik5_y.zip
10,8,30,5,1000.0,20.0,0.2,1.4505136013031006,0.2549,310.8254,1.8357,0.7827,0.3388,0.862,0.5154,0.5217,0.6241,0.4482,0.5217,0.4792,VarianceParTree,zelnik5_y.zip
10,8,30,5,1000.0,inf,0.0,1.9474921226501465,0.2996,3.5605,0.4816,0.2662,0.0021,0.0205,0.0022,0.0277,0.0148,0.2074,0.0277,0.4958,VarianceParTree,zelnik5_y.zip
10,8,30,5,1000.0,inf,0.1,1.9506733417510984,0.2996,3.5605,0.4816,0.2662,0.0021,0.0205,0.0022,0.0277,0.0148,0.2074,0.0277,0.4958,VarianceParTree,zelnik5_y.zip
10,8,30,5,1000.0,inf,0.2,1.7728781700134275,0.2996,3.5605,0.4816,0.2662,0.0021,0.0205,0.0022,0.0277,0.0148,0.2074,0.0277,0.4958,VarianceParTree,zelnik5_y.zip
10,8,30,5,100.0,20.0,0.0,0.4780833721160888,0.2718,333.4553,2.0185,0.7934,0.3653,0.9335,0.5544,0.5601,0.6758,0.4782,0.5601,0.5006,VarianceParTree,zelnik5_y.zip
10,8,30,5,100.0,20.0,0.1,0.3309276103973388,0.2718,333.4553,2.0185,0.7934,0.3653,0.9335,0.5544,0.5601,0.6758,0.4782,0.5601,0.5006,VarianceParTree,zelnik5_y.zip
10,8,30,5,100.0,20.0,0.2,0.3299753665924072,0.2718,333.4553,2.0185,0.7934,0.3653,0.9335,0.5544,0.5601,0.6758,0.4782,0.5601,0.5006,VarianceParTree,zelnik5_y.zip
10,8,30,5,inf,100.0,0.0,1.569125413894653,0.2549,310.8254,1.8357,0.7827,0.3388,0.862,0.5154,0.5217,0.6241,0.4482,0.5217,0.4792,VarianceParTree,zelnik5_y.zip
10,8,30,5,inf,100.0,0.1,1.610168695449829,0.2549,310.8254,1.8357,0.7827,0.3388,0.862,0.5154,0.5217,0.6241,0.4482,0.5217,0.4792,VarianceParTree,zelnik5_y.zip
10,8,30,5,inf,100.0,0.2,1.441572666168213,0.2549,310.8254,1.8357,0.7827,0.3388,0.862,0.5154,0.5217,0.6241,0.4482,0.5217,0.4792,VarianceParTree,zelnik5_y.zip
10,8,30,5,inf,20.0,0.0,1.5564956665039062,0.2549,310.8254,1.8357,0.7827,0.3388,0.862,0.5154,0.5217,0.6241,0.4482,0.5217,0.4792,VarianceParTree,zelnik5_y.zip
10,8,30,5,inf,20.0,0.1,1.577881097793579,0.2549,310.8254,1.8357,0.7827,0.3388,0.862,0.5154,0.5217,0.6241,0.4482,0.5217,0.4792,VarianceParTree,zelnik5_y.zip
10,8,30,5,inf,20.0,0.2,1.460118055343628,0.2549,310.8254,1.8357,0.7827,0.3388,0.862,0.5154,0.5217,0.6241,0.4482,0.5217,0.4792,VarianceParTree,zelnik5_y.zip
10,8,30,5,inf,inf,0.0,1.9449191093444824,0.2996,3.5605,0.4816,0.2662,0.0021,0.0205,0.0022,0.0277,0.0148,0.2074,0.0277,0.4958,VarianceParTree,zelnik5_y.zip
10,8,30,5,inf,inf,0.1,1.9143548011779783,0.2996,3.5605,0.4816,0.2662,0.0021,0.0205,0.0022,0.0277,0.0148,0.2074,0.0277,0.4958,VarianceParTree,zelnik5_y.zip
10,8,30,5,inf,inf,0.2,1.8161656856536863,0.2996,3.5605,0.4816,0.2662,0.0021,0.0205,0.0022,0.0277,0.0148,0.2074,0.0277,0.4958,VarianceParTree,zelnik5_y.zip
10,8,3,50,1000.0,100.0,0.0,1.6119909286499023,0.2549,310.8254,1.8357,0.7827,0.3388,0.862,0.5154,0.5217,0.6241,0.4482,0.5217,0.4792,VarianceParTree,zelnik5_y.zip
10,8,3,50,1000.0,100.0,0.1,1.563544750213623,0.2549,310.8254,1.8357,0.7827,0.3388,0.862,0.5154,0.5217,0.6241,0.4482,0.5217,0.4792,VarianceParTree,zelnik5_y.zip
10,8,3,50,1000.0,100.0,0.2,1.4302399158477783,0.2549,310.8254,1.8357,0.7827,0.3388,0.862,0.5154,0.5217,0.6241,0.4482,0.5217,0.4792,VarianceParTree,zelnik5_y.zip
10,8,3,50,1000.0,20.0,0.0,1.5793447494506836,0.2549,310.8254,1.8357,0.7827,0.3388,0.862,0.5154,0.5217,0.6241,0.4482,0.5217,0.4792,VarianceParTree,zelnik5_y.zip
10,8,3,50,1000.0,20.0,0.1,1.435560703277588,0.2549,310.8254,1.8357,0.7827,0.3388,0.862,0.5154,0.5217,0.6241,0.4482,0.5217,0.4792,VarianceParTree,zelnik5_y.zip
10,8,3,50,1000.0,20.0,0.2,1.5359456539154053,0.2549,310.8254,1.8357,0.7827,0.3388,0.862,0.5154,0.5217,0.6241,0.4482,0.5217,0.4792,VarianceParTree,zelnik5_y.zip
10,8,3,50,1000.0,inf,0.0,1.966146230697632,0.2996,3.5605,0.4816,0.2662,0.0021,0.0205,0.0022,0.0277,0.0148,0.2074,0.0277,0.4958,VarianceParTree,zelnik5_y.zip
10,8,3,50,1000.0,inf,0.1,1.816307783126831,0.2996,3.5605,0.4816,0.2662,0.0021,0.0205,0.0022,0.0277,0.0148,0.2074,0.0277,0.4958,VarianceParTree,zelnik5_y.zip
10,8,3,50,1000.0,inf,0.2,1.949215650558472,0.2996,3.5605,0.4816,0.2662,0.0021,0.0205,0.0022,0.0277,0.0148,0.2074,0.0277,0.4958,VarianceParTree,zelnik5_y.zip
10,8,3,50,100.0,20.0,0.0,0.3314831256866455,0.2718,333.4553,2.0185,0.7934,0.3653,0.9335,0.5544,0.5601,0.6758,0.4782,0.5601,0.5006,VarianceParTree,zelnik5_y.zip
10,8,3,50,100.0,20.0,0.1,0.3291821479797363,0.2718,333.4553,2.0185,0.7934,0.3653,0.9335,0.5544,0.5601,0.6758,0.4782,0.5601,0.5006,VarianceParTree,zelnik5_y.zip
10,8,3,50,100.0,20.0,0.2,0.3340661525726318,0.2718,333.4553,2.0185,0.7934,0.3653,0.9335,0.5544,0.5601,0.6758,0.4782,0.5601,0.5006,VarianceParTree,zelnik5_y.zip
10,8,3,50,inf,100.0,0.0,1.5724494457244873,0.2549,310.8254,1.8357,0.7827,0.3388,0.862,0.5154,0.5217,0.6241,0.4482,0.5217,0.4792,VarianceParTree,zelnik5_y.zip
10,8,3,50,inf,100.0,0.1,1.440784215927124,0.2549,310.8254,1.8357,0.7827,0.3388,0.862,0.5154,0.5217,0.6241,0.4482,0.5217,0.4792,VarianceParTree,zelnik5_y.zip
10,8,3,50,inf,100.0,0.2,1.559101104736328,0.2549,310.8254,1.8357,0.7827,0.3388,0.862,0.5154,0.5217,0.6241,0.4482,0.5217,0.4792,VarianceParTree,zelnik5_y.zip
10,8,3,50,inf,20.0,0.0,1.6066381931304932,0.2549,310.8254,1.8357,0.7827,0.3388,0.862,0.5154,0.5217,0.6241,0.4482,0.5217,0.4792,VarianceParTree,zelnik5_y.zip
10,8,3,50,inf,20.0,0.1,1.4336683750152588,0.2549,310.8254,1.8357,0.7827,0.3388,0.862,0.5154,0.5217,0.6241,0.4482,0.5217,0.4792,VarianceParTree,zelnik5_y.zip
10,8,3,50,inf,20.0,0.2,1.56077241897583,0.2549,310.8254,1.8357,0.7827,0.3388,0.862,0.5154,0.5217,0.6241,0.4482,0.5217,0.4792,VarianceParTree,zelnik5_y.zip
10,8,3,50,inf,inf,0.0,1.9266223907470703,0.2996,3.5605,0.4816,0.2662,0.0021,0.0205,0.0022,0.0277,0.0148,0.2074,0.0277,0.4958,VarianceParTree,zelnik5_y.zip
10,8,3,50,inf,inf,0.1,1.8057105541229248,0.2996,3.5605,0.4816,0.2662,0.0021,0.0205,0.0022,0.0277,0.0148,0.2074,0.0277,0.4958,VarianceParTree,zelnik5_y.zip
10,8,3,50,inf,inf,0.2,1.892848253250122,0.2996,3.5605,0.4816,0.2662,0.0021,0.0205,0.0022,0.0277,0.0148,0.2074,0.0277,0.4958,VarianceParTree,zelnik5_y.zip
10,8,3,5,1000.0,100.0,0.0,1.445445537567139,0.2549,310.8254,1.8357,0.7827,0.3388,0.862,0.5154,0.5217,0.6241,0.4482,0.5217,0.4792,VarianceParTree,zelnik5_y.zip
10,8,3,5,1000.0,100.0,0.1,1.5888772010803225,0.2549,310.8254,1.8357,0.7827,0.3388,0.862,0.5154,0.5217,0.6241,0.4482,0.5217,0.4792,VarianceParTree,zelnik5_y.zip
10,8,3,5,1000.0,100.0,0.2,1.5803260803222656,0.2549,310.8254,1.8357,0.7827,0.3388,0.862,0.5154,0.5217,0.6241,0.4482,0.5217,0.4792,VarianceParTree,zelnik5_y.zip
10,8,3,5,1000.0,20.0,0.0,1.4619359970092771,0.2549,310.8254,1.8357,0.7827,0.3388,0.862,0.5154,0.5217,0.6241,0.4482,0.5217,0.4792,VarianceParTree,zelnik5_y.zip
10,8,3,5,1000.0,20.0,0.1,1.560537338256836,0.2549,310.8254,1.8357,0.7827,0.3388,0.862,0.5154,0.5217,0.6241,0.4482,0.5217,0.4792,VarianceParTree,zelnik5_y.zip
10,8,3,5,1000.0,20.0,0.2,1.589484691619873,0.2549,310.8254,1.8357,0.7827,0.3388,0.862,0.5154,0.5217,0.6241,0.4482,0.5217,0.4792,VarianceParTree,zelnik5_y.zip
10,8,3,5,1000.0,inf,0.0,1.8141076564788816,0.2996,3.5605,0.4816,0.2662,0.0021,0.0205,0.0022,0.0277,0.0148,0.2074,0.0277,0.4958,VarianceParTree,zelnik5_y.zip
10,8,3,5,1000.0,inf,0.1,1.9362671375274656,0.2996,3.5605,0.4816,0.2662,0.0021,0.0205,0.0022,0.0277,0.0148,0.2074,0.0277,0.4958,VarianceParTree,zelnik5_y.zip
10,8,3,5,1000.0,inf,0.2,1.9618279933929443,0.2996,3.5605,0.4816,0.2662,0.0021,0.0205,0.0022,0.0277,0.0148,0.2074,0.0277,0.4958,VarianceParTree,zelnik5_y.zip
10,8,3,5,100.0,20.0,0.0,0.338346004486084,0.2718,333.4553,2.0185,0.7934,0.3653,0.9335,0.5544,0.5601,0.6758,0.4782,0.5601,0.5006,VarianceParTree,zelnik5_y.zip
10,8,3,5,100.0,20.0,0.1,0.3331923484802246,0.2718,333.4553,2.0185,0.7934,0.3653,0.9335,0.5544,0.5601,0.6758,0.4782,0.5601,0.5006,VarianceParTree,zelnik5_y.zip
10,8,3,5,100.0,20.0,0.2,0.3341434001922607,0.2718,333.4553,2.0185,0.7934,0.3653,0.9335,0.5544,0.5601,0.6758,0.4782,0.5601,0.5006,VarianceParTree,zelnik5_y.zip
10,8,3,5,inf,100.0,0.0,1.4501745700836182,0.2549,310.8254,1.8357,0.7827,0.3388,0.862,0.5154,0.5217,0.6241,0.4482,0.5217,0.4792,VarianceParTree,zelnik5_y.zip
10,8,3,5,inf,100.0,0.1,1.5610756874084473,0.2549,310.8254,1.8357,0.7827,0.3388,0.862,0.5154,0.5217,0.6241,0.4482,0.5217,0.4792,VarianceParTree,zelnik5_y.zip
10,8,3,5,inf,100.0,0.2,1.5701682567596436,0.2549,310.8254,1.8357,0.7827,0.3388,0.862,0.5154,0.5217,0.6241,0.4482,0.5217,0.4792,VarianceParTree,zelnik5_y.zip
10,8,3,5,inf,20.0,0.0,1.4300978183746338,0.2549,310.8254,1.8357,0.7827,0.3388,0.862,0.5154,0.5217,0.6241,0.4482,0.5217,0.4792,VarianceParTree,zelnik5_y.zip
10,8,3,5,inf,20.0,0.1,1.582949161529541,0.2549,310.8254,1.8357,0.7827,0.3388,0.862,0.5154,0.5217,0.6241,0.4482,0.5217,0.4792,VarianceParTree,zelnik5_y.zip
10,8,3,5,inf,20.0,0.2,1.5707170963287354,0.2549,310.8254,1.8357,0.7827,0.3388,0.862,0.5154,0.5217,0.6241,0.4482,0.5217,0.4792,VarianceParTree,zelnik5_y.zip
10,8,3,5,inf,inf,0.0,1.8881440162658687,0.2996,3.5605,0.4816,0.2662,0.0021,0.0205,0.0022,0.0277,0.0148,0.2074,0.0277,0.4958,VarianceParTree,zelnik5_y.zip
10,8,3,5,inf,inf,0.1,1.9453296661376955,0.2996,3.5605,0.4816,0.2662,0.0021,0.0205,0.0022,0.0277,0.0148,0.2074,0.0277,0.4958,VarianceParTree,zelnik5_y.zip
10,8,3,5,inf,inf,0.2,1.9366755485534668,0.2996,3.5605,0.4816,0.2662,0.0021,0.0205,0.0022,0.0277,0.0148,0.2074,0.0277,0.4958,VarianceParTree,zelnik5_y.zip
12,10,30,50,1000.0,100.0,0.0,1.803356409072876,0.2671,333.3253,1.6389,0.7956,0.3582,0.9714,0.5522,0.5593,0.7032,0.4643,0.5593,0.4937,VarianceParTree,zelnik5_y.zip
12,10,30,50,1000.0,100.0,0.1,1.9216296672821045,0.2671,333.3253,1.6389,0.7956,0.3582,0.9714,0.5522,0.5593,0.7032,0.4643,0.5593,0.4937,VarianceParTree,zelnik5_y.zip
12,10,30,50,1000.0,100.0,0.2,1.9398729801177976,0.2671,333.3253,1.6389,0.7956,0.3582,0.9714,0.5522,0.5593,0.7032,0.4643,0.5593,0.4937,VarianceParTree,zelnik5_y.zip
12,10,30,50,1000.0,20.0,0.0,1.925273895263672,0.2671,333.3253,1.6389,0.7956,0.3582,0.9714,0.5522,0.5593,0.7032,0.4643,0.5593,0.4937,VarianceParTree,zelnik5_y.zip
12,10,30,50,1000.0,20.0,0.1,1.930307388305664,0.2671,333.3253,1.6389,0.7956,0.3582,0.9714,0.5522,0.5593,0.7032,0.4643,0.5593,0.4937,VarianceParTree,zelnik5_y.zip
12,10,30,50,1000.0,20.0,0.2,1.9149894714355469,0.2671,333.3253,1.6389,0.7956,0.3582,0.9714,0.5522,0.5593,0.7032,0.4643,0.5593,0.4937,VarianceParTree,zelnik5_y.zip
12,10,30,50,1000.0,inf,0.0,2.421326875686645,0.2878,3.5313,0.4834,0.2705,0.0029,0.0265,0.0029,0.0351,0.0192,0.2084,0.0351,0.4944,VarianceParTree,zelnik5_y.zip
12,10,30,50,1000.0,inf,0.1,2.458127021789551,0.2878,3.5313,0.4834,0.2705,0.0029,0.0265,0.0029,0.0351,0.0192,0.2084,0.0351,0.4944,VarianceParTree,zelnik5_y.zip
12,10,30,50,1000.0,inf,0.2,2.461491823196411,0.2878,3.5313,0.4834,0.2705,0.0029,0.0265,0.0029,0.0351,0.0192,0.2084,0.0351,0.4944,VarianceParTree,zelnik5_y.zip
12,10,30,50,100.0,20.0,0.0,0.4223537445068359,0.2973,351.5887,1.6564,0.8105,0.3959,1.0713,0.6013,0.6075,0.7756,0.4993,0.6075,0.5271,VarianceParTree,zelnik5_y.zip
12,10,30,50,100.0,20.0,0.1,0.4036991596221924,0.2973,351.5887,1.6564,0.8105,0.3959,1.0713,0.6013,0.6075,0.7756,0.4993,0.6075,0.5271,VarianceParTree,zelnik5_y.zip
12,10,30,50,100.0,20.0,0.2,0.4050979614257812,0.2973,351.5887,1.6564,0.8105,0.3959,1.0713,0.6013,0.6075,0.7756,0.4993,0.6075,0.5271,VarianceParTree,zelnik5_y.zip
12,10,30,50,inf,100.0,0.0,1.9250268936157229,0.2671,333.3253,1.6389,0.7956,0.3582,0.9714,0.5522,0.5593,0.7032,0.4643,0.5593,0.4937,VarianceParTree,zelnik5_y.zip
12,10,30,50,inf,100.0,0.1,1.958495140075684,0.2671,333.3253,1.6389,0.7956,0.3582,0.9714,0.5522,0.5593,0.7032,0.4643,0.5593,0.4937,VarianceParTree,zelnik5_y.zip
12,10,30,50,inf,100.0,0.2,1.779355525970459,0.2671,333.3253,1.6389,0.7956,0.3582,0.9714,0.5522,0.5593,0.7032,0.4643,0.5593,0.4937,VarianceParTree,zelnik5_y.zip
12,10,30,50,inf,20.0,0.0,1.9253671169281008,0.2671,333.3253,1.6389,0.7956,0.3582,0.9714,0.5522,0.5593,0.7032,0.4643,0.5593,0.4937,VarianceParTree,zelnik5_y.zip
12,10,30,50,inf,20.0,0.1,1.9269800186157229,0.2671,333.3253,1.6389,0.7956,0.3582,0.9714,0.5522,0.5593,0.7032,0.4643,0.5593,0.4937,VarianceParTree,zelnik5_y.zip
12,10,30,50,inf,20.0,0.2,1.9019982814788816,0.2671,333.3253,1.6389,0.7956,0.3582,0.9714,0.5522,0.5593,0.7032,0.4643,0.5593,0.4937,VarianceParTree,zelnik5_y.zip
12,10,30,50,inf,inf,0.0,2.4234330654144287,0.2878,3.5313,0.4834,0.2705,0.0029,0.0265,0.0029,0.0351,0.0192,0.2084,0.0351,0.4944,VarianceParTree,zelnik5_y.zip
12,10,30,50,inf,inf,0.1,2.3245081901550293,0.2878,3.5313,0.4834,0.2705,0.0029,0.0265,0.0029,0.0351,0.0192,0.2084,0.0351,0.4944,VarianceParTree,zelnik5_y.zip
12,10,30,50,inf,inf,0.2,2.44096040725708,0.2878,3.5313,0.4834,0.2705,0.0029,0.0265,0.0029,0.0351,0.0192,0.2084,0.0351,0.4944,VarianceParTree,zelnik5_y.zip
12,10,30,5,1000.0,100.0,0.0,1.893859624862671,0.2671,333.3253,1.6389,0.7956,0.3582,0.9714,0.5522,0.5593,0.7032,0.4643,0.5593,0.4937,VarianceParTree,zelnik5_y.zip
12,10,30,5,1000.0,100.0,0.1,1.9270389080047607,0.2671,333.3253,1.6389,0.7956,0.3582,0.9714,0.5522,0.5593,0.7032,0.4643,0.5593,0.4937,VarianceParTree,zelnik5_y.zip
12,10,30,5,1000.0,100.0,0.2,1.789541721343994,0.2671,333.3253,1.6389,0.7956,0.3582,0.9714,0.5522,0.5593,0.7032,0.4643,0.5593,0.4937,VarianceParTree,zelnik5_y.zip
12,10,30,5,1000.0,20.0,0.0,1.926987886428833,0.2671,333.3253,1.6389,0.7956,0.3582,0.9714,0.5522,0.5593,0.7032,0.4643,0.5593,0.4937,VarianceParTree,zelnik5_y.zip
12,10,30,5,1000.0,20.0,0.1,1.9107112884521484,0.2671,333.3253,1.6389,0.7956,0.3582,0.9714,0.5522,0.5593,0.7032,0.4643,0.5593,0.4937,VarianceParTree,zelnik5_y.zip
12,10,30,5,1000.0,20.0,0.2,1.930783987045288,0.2671,333.3253,1.6389,0.7956,0.3582,0.9714,0.5522,0.5593,0.7032,0.4643,0.5593,0.4937,VarianceParTree,zelnik5_y.zip
12,10,30,5,1000.0,inf,0.0,2.463860511779785,0.2878,3.5313,0.4834,0.2705,0.0029,0.0265,0.0029,0.0351,0.0192,0.2084,0.0351,0.4944,VarianceParTree,zelnik5_y.zip
12,10,30,5,1000.0,inf,0.1,2.312922239303589,0.2878,3.5313,0.4834,0.2705,0.0029,0.0265,0.0029,0.0351,0.0192,0.2084,0.0351,0.4944,VarianceParTree,zelnik5_y.zip
12,10,30,5,1000.0,inf,0.2,2.4297068119049072,0.2878,3.5313,0.4834,0.2705,0.0029,0.0265,0.0029,0.0351,0.0192,0.2084,0.0351,0.4944,VarianceParTree,zelnik5_y.zip
12,10,30,5,100.0,20.0,0.0,0.5261774063110352,0.2973,351.5887,1.6564,0.8105,0.3959,1.0713,0.6013,0.6075,0.7756,0.4993,0.6075,0.5271,VarianceParTree,zelnik5_y.zip
12,10,30,5,100.0,20.0,0.1,0.4121618270874023,0.2973,351.5887,1.6564,0.8105,0.3959,1.0713,0.6013,0.6075,0.7756,0.4993,0.6075,0.5271,VarianceParTree,zelnik5_y.zip
12,10,30,5,100.0,20.0,0.2,0.4009716510772705,0.2973,351.5887,1.6564,0.8105,0.3959,1.0713,0.6013,0.6075,0.7756,0.4993,0.6075,0.5271,VarianceParTree,zelnik5_y.zip
12,10,30,5,inf,100.0,0.0,1.9254519939422607,0.2671,333.3253,1.6389,0.7956,0.3582,0.9714,0.5522,0.5593,0.7032,0.4643,0.5593,0.4937,VarianceParTree,zelnik5_y.zip
12,10,30,5,inf,100.0,0.1,1.970416784286499,0.2671,333.3253,1.6389,0.7956,0.3582,0.9714,0.5522,0.5593,0.7032,0.4643,0.5593,0.4937,VarianceParTree,zelnik5_y.zip
12,10,30,5,inf,100.0,0.2,1.932576894760132,0.2671,333.3253,1.6389,0.7956,0.3582,0.9714,0.5522,0.5593,0.7032,0.4643,0.5593,0.4937,VarianceParTree,zelnik5_y.zip
12,10,30,5,inf,20.0,0.0,1.7944090366363523,0.2671,333.3253,1.6389,0.7956,0.3582,0.9714,0.5522,0.5593,0.7032,0.4643,0.5593,0.4937,VarianceParTree,zelnik5_y.zip
12,10,30,5,inf,20.0,0.1,1.9073612689971924,0.2671,333.3253,1.6389,0.7956,0.3582,0.9714,0.5522,0.5593,0.7032,0.4643,0.5593,0.4937,VarianceParTree,zelnik5_y.zip
12,10,30,5,inf,20.0,0.2,1.892910718917847,0.2671,333.3253,1.6389,0.7956,0.3582,0.9714,0.5522,0.5593,0.7032,0.4643,0.5593,0.4937,VarianceParTree,zelnik5_y.zip
12,10,30,5,inf,inf,0.0,2.453556776046753,0.2878,3.5313,0.4834,0.2705,0.0029,0.0265,0.0029,0.0351,0.0192,0.2084,0.0351,0.4944,VarianceParTree,zelnik5_y.zip
12,10,30,5,inf,inf,0.1,2.4514877796173096,0.2878,3.5313,0.4834,0.2705,0.0029,0.0265,0.0029,0.0351,0.0192,0.2084,0.0351,0.4944,VarianceParTree,zelnik5_y.zip
12,10,30,5,inf,inf,0.2,2.4576382637023926,0.2878,3.5313,0.4834,0.2705,0.0029,0.0265,0.0029,0.0351,0.0192,0.2084,0.0351,0.4944,VarianceParTree,zelnik5_y.zip
12,10,3,50,1000.0,100.0,0.0,1.9494943618774412,0.2671,333.3253,1.6389,0.7956,0.3582,0.9714,0.5522,0.5593,0.7032,0.4643,0.5593,0.4937,VarianceParTree,zelnik5_y.zip
12,10,3,50,1000.0,100.0,0.1,1.9536018371582031,0.2671,333.3253,1.6389,0.7956,0.3582,0.9714,0.5522,0.5593,0.7032,0.4643,0.5593,0.4937,VarianceParTree,zelnik5_y.zip
12,10,3,50,1000.0,100.0,0.2,1.9505188465118408,0.2671,333.3253,1.6389,0.7956,0.3582,0.9714,0.5522,0.5593,0.7032,0.4643,0.5593,0.4937,VarianceParTree,zelnik5_y.zip
12,10,3,50,1000.0,20.0,0.0,1.9246759414672847,0.2671,333.3253,1.6389,0.7956,0.3582,0.9714,0.5522,0.5593,0.7032,0.4643,0.5593,0.4937,VarianceParTree,zelnik5_y.zip
12,10,3,50,1000.0,20.0,0.1,1.806100368499756,0.2671,333.3253,1.6389,0.7956,0.3582,0.9714,0.5522,0.5593,0.7032,0.4643,0.5593,0.4937,VarianceParTree,zelnik5_y.zip
12,10,3,50,1000.0,20.0,0.2,1.8932852745056152,0.2671,333.3253,1.6389,0.7956,0.3582,0.9714,0.5522,0.5593,0.7032,0.4643,0.5593,0.4937,VarianceParTree,zelnik5_y.zip
12,10,3,50,1000.0,inf,0.0,2.403620719909668,0.2878,3.5313,0.4834,0.2705,0.0029,0.0265,0.0029,0.0351,0.0192,0.2084,0.0351,0.4944,VarianceParTree,zelnik5_y.zip
12,10,3,50,1000.0,inf,0.1,2.431525230407715,0.2878,3.5313,0.4834,0.2705,0.0029,0.0265,0.0029,0.0351,0.0192,0.2084,0.0351,0.4944,VarianceParTree,zelnik5_y.zip
12,10,3,50,1000.0,inf,0.2,2.426013708114624,0.2878,3.5313,0.4834,0.2705,0.0029,0.0265,0.0029,0.0351,0.0192,0.2084,0.0351,0.4944,VarianceParTree,zelnik5_y.zip
12,10,3,50,100.0,20.0,0.0,0.4003243446350097,0.2973,351.5887,1.6564,0.8105,0.3959,1.0713,0.6013,0.6075,0.7756,0.4993,0.6075,0.5271,VarianceParTree,zelnik5_y.zip
12,10,3,50,100.0,20.0,0.1,0.4306211471557617,0.2973,351.5887,1.6564,0.8105,0.3959,1.0713,0.6013,0.6075,0.7756,0.4993,0.6075,0.5271,VarianceParTree,zelnik5_y.zip
12,10,3,50,100.0,20.0,0.2,0.4049081802368164,0.2973,351.5887,1.6564,0.8105,0.3959,1.0713,0.6013,0.6075,0.7756,0.4993,0.6075,0.5271,VarianceParTree,zelnik5_y.zip
12,10,3,50,inf,100.0,0.0,1.7901298999786377,0.2671,333.3253,1.6389,0.7956,0.3582,0.9714,0.5522,0.5593,0.7032,0.4643,0.5593,0.4937,VarianceParTree,zelnik5_y.zip
12,10,3,50,inf,100.0,0.1,1.93245530128479,0.2671,333.3253,1.6389,0.7956,0.3582,0.9714,0.5522,0.5593,0.7032,0.4643,0.5593,0.4937,VarianceParTree,zelnik5_y.zip
12,10,3,50,inf,100.0,0.2,1.914241075515747,0.2671,333.3253,1.6389,0.7956,0.3582,0.9714,0.5522,0.5593,0.7032,0.4643,0.5593,0.4937,VarianceParTree,zelnik5_y.zip
12,10,3,50,inf,20.0,0.0,1.96187424659729,0.2671,333.3253,1.6389,0.7956,0.3582,0.9714,0.5522,0.5593,0.7032,0.4643,0.5593,0.4937,VarianceParTree,zelnik5_y.zip
12,10,3,50,inf,20.0,0.1,1.9400346279144287,0.2671,333.3253,1.6389,0.7956,0.3582,0.9714,0.5522,0.5593,0.7032,0.4643,0.5593,0.4937,VarianceParTree,zelnik5_y.zip
12,10,3,50,inf,20.0,0.2,1.9240593910217283,0.2671,333.3253,1.6389,0.7956,0.3582,0.9714,0.5522,0.5593,0.7032,0.4643,0.5593,0.4937,VarianceParTree,zelnik5_y.zip
12,10,3,50,inf,inf,0.0,2.4088022708892822,0.2878,3.5313,0.4834,0.2705,0.0029,0.0265,0.0029,0.0351,0.0192,0.2084,0.0351,0.4944,VarianceParTree,zelnik5_y.zip
12,10,3,50,inf,inf,0.1,2.4145073890686035,0.2878,3.5313,0.4834,0.2705,0.0029,0.0265,0.0029,0.0351,0.0192,0.2084,0.0351,0.4944,VarianceParTree,zelnik5_y.zip
12,10,3,50,inf,inf,0.2,2.470475912094116,0.2878,3.5313,0.4834,0.2705,0.0029,0.0265,0.0029,0.0351,0.0192,0.2084,0.0351,0.4944,VarianceParTree,zelnik5_y.zip
12,10,3,5,1000.0,100.0,0.0,1.8528428077697756,0.2671,333.3253,1.6389,0.7956,0.3582,0.9714,0.5522,0.5593,0.7032,0.4643,0.5593,0.4937,VarianceParTree,zelnik5_y.zip
12,10,3,5,1000.0,100.0,0.1,1.840989351272583,0.2671,333.3253,1.6389,0.7956,0.3582,0.9714,0.5522,0.5593,0.7032,0.4643,0.5593,0.4937,VarianceParTree,zelnik5_y.zip
12,10,3,5,1000.0,100.0,0.2,1.8475182056427,0.2671,333.3253,1.6389,0.7956,0.3582,0.9714,0.5522,0.5593,0.7032,0.4643,0.5593,0.4937,VarianceParTree,zelnik5_y.zip
12,10,3,5,1000.0,20.0,0.0,1.8549952507019043,0.2671,333.3253,1.6389,0.7956,0.3582,0.9714,0.5522,0.5593,0.7032,0.4643,0.5593,0.4937,VarianceParTree,zelnik5_y.zip
12,10,3,5,1000.0,20.0,0.1,1.8956353664398196,0.2671,333.3253,1.6389,0.7956,0.3582,0.9714,0.5522,0.5593,0.7032,0.4643,0.5593,0.4937,VarianceParTree,zelnik5_y.zip
12,10,3,5,1000.0,20.0,0.2,1.8479547500610352,0.2671,333.3253,1.6389,0.7956,0.3582,0.9714,0.5522,0.5593,0.7032,0.4643,0.5593,0.4937,VarianceParTree,zelnik5_y.zip
12,10,3,5,1000.0,inf,0.0,2.462019681930542,0.2878,3.5313,0.4834,0.2705,0.0029,0.0265,0.0029,0.0351,0.0192,0.2084,0.0351,0.4944,VarianceParTree,zelnik5_y.zip
12,10,3,5,1000.0,inf,0.1,2.3320040702819824,0.2878,3.5313,0.4834,0.2705,0.0029,0.0265,0.0029,0.0351,0.0192,0.2084,0.0351,0.4944,VarianceParTree,zelnik5_y.zip
12,10,3,5,1000.0,inf,0.2,2.3882901668548584,0.2878,3.5313,0.4834,0.2705,0.0029,0.0265,0.0029,0.0351,0.0192,0.2084,0.0351,0.4944,VarianceParTree,zelnik5_y.zip
12,10,3,5,100.0,20.0,0.0,0.3995893001556396,0.2973,351.5887,1.6564,0.8105,0.3959,1.0713,0.6013,0.6075,0.7756,0.4993,0.6075,0.5271,VarianceParTree,zelnik5_y.zip
12,10,3,5,100.0,20.0,0.1,0.4119479656219482,0.2973,351.5887,1.6564,0.8105,0.3959,1.0713,0.6013,0.6075,0.7756,0.4993,0.6075,0.5271,VarianceParTree,zelnik5_y.zip
12,10,3,5,100.0,20.0,0.2,0.4022107124328613,0.2973,351.5887,1.6564,0.8105,0.3959,1.0713,0.6013,0.6075,0.7756,0.4993,0.6075,0.5271,VarianceParTree,zelnik5_y.zip
12,10,3,5,inf,100.0,0.0,1.994025707244873,0.2671,333.3253,1.6389,0.7956,0.3582,0.9714,0.5522,0.5593,0.7032,0.4643,0.5593,0.4937,VarianceParTree,zelnik5_y.zip
12,10,3,5,inf,100.0,0.1,1.942842483520508,0.2671,333.3253,1.6389,0.7956,0.3582,0.9714,0.5522,0.5593,0.7032,0.4643,0.5593,0.4937,VarianceParTree,zelnik5_y.zip
12,10,3,5,inf,100.0,0.2,1.930783987045288,0.2671,333.3253,1.6389,0.7956,0.3582,0.9714,0.5522,0.5593,0.7032,0.4643,0.5593,0.4937,VarianceParTree,zelnik5_y.zip
12,10,3,5,inf,20.0,0.0,1.897341012954712,0.2671,333.3253,1.6389,0.7956,0.3582,0.9714,0.5522,0.5593,0.7032,0.4643,0.5593,0.4937,VarianceParTree,zelnik5_y.zip
12,10,3,5,inf,20.0,0.1,1.9182250499725344,0.2671,333.3253,1.6389,0.7956,0.3582,0.9714,0.5522,0.5593,0.7032,0.4643,0.5593,0.4937,VarianceParTree,zelnik5_y.zip
12,10,3,5,inf,20.0,0.2,1.936450481414795,0.2671,333.3253,1.6389,0.7956,0.3582,0.9714,0.5522,0.5593,0.7032,0.4643,0.5593,0.4937,VarianceParTree,zelnik5_y.zip
12,10,3,5,inf,inf,0.0,2.446485757827759,0.2878,3.5313,0.4834,0.2705,0.0029,0.0265,0.0029,0.0351,0.0192,0.2084,0.0351,0.4944,VarianceParTree,zelnik5_y.zip
12,10,3,5,inf,inf,0.1,2.460853576660156,0.2878,3.5313,0.4834,0.2705,0.0029,0.0265,0.0029,0.0351,0.0192,0.2084,0.0351,0.4944,VarianceParTree,zelnik5_y.zip
12,10,3,5,inf,inf,0.2,2.359231472015381,0.2878,3.5313,0.4834,0.2705,0.0029,0.0265,0.0029,0.0351,0.0192,0.2084,0.0351,0.4944,VarianceParTree,zelnik5_y.zip
12,12,30,50,1000.0,100.0,0.0,2.268176317214966,0.2907,341.8132,1.5029,0.8134,0.391,1.1221,0.6032,0.6104,0.8123,0.4889,0.6104,0.5256,VarianceParTree,zelnik5_y.zip
12,12,30,50,1000.0,100.0,0.1,2.2681844234466557,0.2907,341.8132,1.5029,0.8134,0.391,1.1221,0.6032,0.6104,0.8123,0.4889,0.6104,0.5256,VarianceParTree,zelnik5_y.zip
12,12,30,50,1000.0,100.0,0.2,2.258650064468384,0.2907,341.8132,1.5029,0.8134,0.391,1.1221,0.6032,0.6104,0.8123,0.4889,0.6104,0.5256,VarianceParTree,zelnik5_y.zip
12,12,30,50,1000.0,20.0,0.0,2.2635979652404785,0.2907,341.8132,1.5029,0.8134,0.391,1.1221,0.6032,0.6104,0.8123,0.4889,0.6104,0.5256,VarianceParTree,zelnik5_y.zip
12,12,30,50,1000.0,20.0,0.1,2.246001482009888,0.2907,341.8132,1.5029,0.8134,0.391,1.1221,0.6032,0.6104,0.8123,0.4889,0.6104,0.5256,VarianceParTree,zelnik5_y.zip
12,12,30,50,1000.0,20.0,0.2,2.2797417640686035,0.2907,341.8132,1.5029,0.8134,0.391,1.1221,0.6032,0.6104,0.8123,0.4889,0.6104,0.5256,VarianceParTree,zelnik5_y.zip
12,12,30,50,1000.0,inf,0.0,2.9528658390045166,0.2756,3.4911,0.4865,0.275,0.0037,0.0325,0.0038,0.0423,0.0235,0.2095,0.0423,0.4931,VarianceParTree,zelnik5_y.zip
12,12,30,50,1000.0,inf,0.1,2.9246325492858887,0.2756,3.4911,0.4865,0.275,0.0037,0.0325,0.0038,0.0423,0.0235,0.2095,0.0423,0.4931,VarianceParTree,zelnik5_y.zip
12,12,30,50,1000.0,inf,0.2,2.950350284576416,0.2756,3.4911,0.4865,0.275,0.0037,0.0325,0.0038,0.0423,0.0235,0.2095,0.0423,0.4931,VarianceParTree,zelnik5_y.zip
12,12,30,50,100.0,20.0,0.0,0.6296555995941162,0.2989,343.3217,1.6143,0.8208,0.4099,1.1669,0.622,0.6288,0.8447,0.5008,0.6288,0.545,VarianceParTree,zelnik5_y.zip
12,12,30,50,100.0,20.0,0.1,0.4773025512695312,0.2989,343.3217,1.6143,0.8208,0.4099,1.1669,0.622,0.6288,0.8447,0.5008,0.6288,0.545,VarianceParTree,zelnik5_y.zip
12,12,30,50,100.0,20.0,0.2,0.4799971580505371,0.2989,343.3217,1.6143,0.8208,0.4099,1.1669,0.622,0.6288,0.8447,0.5008,0.6288,0.545,VarianceParTree,zelnik5_y.zip
12,12,30,50,inf,100.0,0.0,2.252926111221313,0.2907,341.8132,1.5029,0.8134,0.391,1.1221,0.6032,0.6104,0.8123,0.4889,0.6104,0.5256,VarianceParTree,zelnik5_y.zip
12,12,30,50,inf,100.0,0.1,2.2807507514953613,0.2907,341.8132,1.5029,0.8134,0.391,1.1221,0.6032,0.6104,0.8123,0.4889,0.6104,0.5256,VarianceParTree,zelnik5_y.zip
12,12,30,50,inf,100.0,0.2,2.2356832027435303,0.2907,341.8132,1.5029,0.8134,0.391,1.1221,0.6032,0.6104,0.8123,0.4889,0.6104,0.5256,VarianceParTree,zelnik5_y.zip
12,12,30,50,inf,20.0,0.0,2.2944250106811523,0.2907,341.8132,1.5029,0.8134,0.391,1.1221,0.6032,0.6104,0.8123,0.4889,0.6104,0.5256,VarianceParTree,zelnik5_y.zip
12,12,30,50,inf,20.0,0.1,2.282986640930176,0.2907,341.8132,1.5029,0.8134,0.391,1.1221,0.6032,0.6104,0.8123,0.4889,0.6104,0.5256,VarianceParTree,zelnik5_y.zip
12,12,30,50,inf,20.0,0.2,2.298866033554077,0.2907,341.8132,1.5029,0.8134,0.391,1.1221,0.6032,0.6104,0.8123,0.4889,0.6104,0.5256,VarianceParTree,zelnik5_y.zip
12,12,30,50,inf,inf,0.0,2.9647083282470703,0.2756,3.4911,0.4865,0.275,0.0037,0.0325,0.0038,0.0423,0.0235,0.2095,0.0423,0.4931,VarianceParTree,zelnik5_y.zip
12,12,30,50,inf,inf,0.1,2.9436638355255127,0.2756,3.4911,0.4865,0.275,0.0037,0.0325,0.0038,0.0423,0.0235,0.2095,0.0423,0.4931,VarianceParTree,zelnik5_y.zip
12,12,30,50,inf,inf,0.2,2.978532075881958,0.2756,3.4911,0.4865,0.275,0.0037,0.0325,0.0038,0.0423,0.0235,0.2095,0.0423,0.4931,VarianceParTree,zelnik5_y.zip
12,12,30,5,1000.0,100.0,0.0,2.2731354236602783,0.2907,341.8132,1.5029,0.8134,0.391,1.1221,0.6032,0.6104,0.8123,0.4889,0.6104,0.5256,VarianceParTree,zelnik5_y.zip
12,12,30,5,1000.0,100.0,0.1,2.2673473358154297,0.2907,341.8132,1.5029,0.8134,0.391,1.1221,0.6032,0.6104,0.8123,0.4889,0.6104,0.5256,VarianceParTree,zelnik5_y.zip
12,12,30,5,1000.0,100.0,0.2,2.289520263671875,0.2907,341.8132,1.5029,0.8134,0.391,1.1221,0.6032,0.6104,0.8123,0.4889,0.6104,0.5256,VarianceParTree,zelnik5_y.zip
12,12,30,5,1000.0,20.0,0.0,2.270917654037476,0.2907,341.8132,1.5029,0.8134,0.391,1.1221,0.6032,0.6104,0.8123,0.4889,0.6104,0.5256,VarianceParTree,zelnik5_y.zip
12,12,30,5,1000.0,20.0,0.1,2.275190114974976,0.2907,341.8132,1.5029,0.8134,0.391,1.1221,0.6032,0.6104,0.8123,0.4889,0.6104,0.5256,VarianceParTree,zelnik5_y.zip
12,12,30,5,1000.0,20.0,0.2,2.3052659034729004,0.2907,341.8132,1.5029,0.8134,0.391,1.1221,0.6032,0.6104,0.8123,0.4889,0.6104,0.5256,VarianceParTree,zelnik5_y.zip
12,12,30,5,1000.0,inf,0.0,2.923522472381592,0.2756,3.4911,0.4865,0.275,0.0037,0.0325,0.0038,0.0423,0.0235,0.2095,0.0423,0.4931,VarianceParTree,zelnik5_y.zip
12,12,30,5,1000.0,inf,0.1,2.931187629699707,0.2756,3.4911,0.4865,0.275,0.0037,0.0325,0.0038,0.0423,0.0235,0.2095,0.0423,0.4931,VarianceParTree,zelnik5_y.zip
12,12,30,5,1000.0,inf,0.2,2.9065849781036377,0.2756,3.4911,0.4865,0.275,0.0037,0.0325,0.0038,0.0423,0.0235,0.2095,0.0423,0.4931,VarianceParTree,zelnik5_y.zip
12,12,30,5,100.0,20.0,0.0,0.472769021987915,0.2989,343.3217,1.6143,0.8208,0.4099,1.1669,0.622,0.6288,0.8447,0.5008,0.6288,0.545,VarianceParTree,zelnik5_y.zip
12,12,30,5,100.0,20.0,0.1,0.6258194446563721,0.2989,343.3217,1.6143,0.8208,0.4099,1.1669,0.622,0.6288,0.8447,0.5008,0.6288,0.545,VarianceParTree,zelnik5_y.zip
12,12,30,5,100.0,20.0,0.2,0.4807944297790527,0.2989,343.3217,1.6143,0.8208,0.4099,1.1669,0.622,0.6288,0.8447,0.5008,0.6288,0.545,VarianceParTree,zelnik5_y.zip
12,12,30,5,inf,100.0,0.0,2.304952383041382,0.2907,341.8132,1.5029,0.8134,0.391,1.1221,0.6032,0.6104,0.8123,0.4889,0.6104,0.5256,VarianceParTree,zelnik5_y.zip
12,12,30,5,inf,100.0,0.1,2.278539657592773,0.2907,341.8132,1.5029,0.8134,0.391,1.1221,0.6032,0.6104,0.8123,0.4889,0.6104,0.5256,VarianceParTree,zelnik5_y.zip
12,12,30,5,inf,100.0,0.2,2.307197093963623,0.2907,341.8132,1.5029,0.8134,0.391,1.1221,0.6032,0.6104,0.8123,0.4889,0.6104,0.5256,VarianceParTree,zelnik5_y.zip
12,12,30,5,inf,20.0,0.0,2.335791826248169,0.2907,341.8132,1.5029,0.8134,0.391,1.1221,0.6032,0.6104,0.8123,0.4889,0.6104,0.5256,VarianceParTree,zelnik5_y.zip
12,12,30,5,inf,20.0,0.1,2.261168956756592,0.2907,341.8132,1.5029,0.8134,0.391,1.1221,0.6032,0.6104,0.8123,0.4889,0.6104,0.5256,VarianceParTree,zelnik5_y.zip
12,12,30,5,inf,20.0,0.2,2.263446092605591,0.2907,341.8132,1.5029,0.8134,0.391,1.1221,0.6032,0.6104,0.8123,0.4889,0.6104,0.5256,VarianceParTree,zelnik5_y.zip
12,12,30,5,inf,inf,0.0,2.9349074363708496,0.2756,3.4911,0.4865,0.275,0.0037,0.0325,0.0038,0.0423,0.0235,0.2095,0.0423,0.4931,VarianceParTree,zelnik5_y.zip
12,12,30,5,inf,inf,0.1,2.931601524353028,0.2756,3.4911,0.4865,0.275,0.0037,0.0325,0.0038,0.0423,0.0235,0.2095,0.0423,0.4931,VarianceParTree,zelnik5_y.zip
12,12,30,5,inf,inf,0.2,2.9723379611968994,0.2756,3.4911,0.4865,0.275,0.0037,0.0325,0.0038,0.0423,0.0235,0.2095,0.0423,0.4931,VarianceParTree,zelnik5_y.zip
12,12,3,50,1000.0,100.0,0.0,2.2795093059539795,0.2907,341.8132,1.5029,0.8134,0.391,1.1221,0.6032,0.6104,0.8123,0.4889,0.6104,0.5256,VarianceParTree,zelnik5_y.zip
12,12,3,50,1000.0,100.0,0.1,2.2612905502319336,0.2907,341.8132,1.5029,0.8134,0.391,1.1221,0.6032,0.6104,0.8123,0.4889,0.6104,0.5256,VarianceParTree,zelnik5_y.zip
12,12,3,50,1000.0,100.0,0.2,2.287978172302246,0.2907,341.8132,1.5029,0.8134,0.391,1.1221,0.6032,0.6104,0.8123,0.4889,0.6104,0.5256,VarianceParTree,zelnik5_y.zip
12,12,3,50,1000.0,20.0,0.0,2.2755444049835205,0.2907,341.8132,1.5029,0.8134,0.391,1.1221,0.6032,0.6104,0.8123,0.4889,0.6104,0.5256,VarianceParTree,zelnik5_y.zip
12,12,3,50,1000.0,20.0,0.1,2.276821613311768,0.2907,341.8132,1.5029,0.8134,0.391,1.1221,0.6032,0.6104,0.8123,0.4889,0.6104,0.5256,VarianceParTree,zelnik5_y.zip
12,12,3,50,1000.0,20.0,0.2,2.252535581588745,0.2907,341.8132,1.5029,0.8134,0.391,1.1221,0.6032,0.6104,0.8123,0.4889,0.6104,0.5256,VarianceParTree,zelnik5_y.zip
12,12,3,50,1000.0,inf,0.0,2.942331552505493,0.2756,3.4911,0.4865,0.275,0.0037,0.0325,0.0038,0.0423,0.0235,0.2095,0.0423,0.4931,VarianceParTree,zelnik5_y.zip
12,12,3,50,1000.0,inf,0.1,2.9385669231414795,0.2756,3.4911,0.4865,0.275,0.0037,0.0325,0.0038,0.0423,0.0235,0.2095,0.0423,0.4931,VarianceParTree,zelnik5_y.zip
12,12,3,50,1000.0,inf,0.2,2.925734519958496,0.2756,3.4911,0.4865,0.275,0.0037,0.0325,0.0038,0.0423,0.0235,0.2095,0.0423,0.4931,VarianceParTree,zelnik5_y.zip
12,12,3,50,100.0,20.0,0.0,0.4979467391967773,0.2989,343.3217,1.6143,0.8208,0.4099,1.1669,0.622,0.6288,0.8447,0.5008,0.6288,0.545,VarianceParTree,zelnik5_y.zip
12,12,3,50,100.0,20.0,0.1,0.4729664325714111,0.2989,343.3217,1.6143,0.8208,0.4099,1.1669,0.622,0.6288,0.8447,0.5008,0.6288,0.545,VarianceParTree,zelnik5_y.zip
12,12,3,50,100.0,20.0,0.2,0.4880664348602295,0.2989,343.3217,1.6143,0.8208,0.4099,1.1669,0.622,0.6288,0.8447,0.5008,0.6288,0.545,VarianceParTree,zelnik5_y.zip
12,12,3,50,inf,100.0,0.0,2.285179853439331,0.2907,341.8132,1.5029,0.8134,0.391,1.1221,0.6032,0.6104,0.8123,0.4889,0.6104,0.5256,VarianceParTree,zelnik5_y.zip
12,12,3,50,inf,100.0,0.1,2.2600343227386475,0.2907,341.8132,1.5029,0.8134,0.391,1.1221,0.6032,0.6104,0.8123,0.4889,0.6104,0.5256,VarianceParTree,zelnik5_y.zip
12,12,3,50,inf,100.0,0.2,2.2991347312927246,0.2907,341.8132,1.5029,0.8134,0.391,1.1221,0.6032,0.6104,0.8123,0.4889,0.6104,0.5256,VarianceParTree,zelnik5_y.zip
12,12,3,50,inf,20.0,0.0,2.272501230239868,0.2907,341.8132,1.5029,0.8134,0.391,1.1221,0.6032,0.6104,0.8123,0.4889,0.6104,0.5256,VarianceParTree,zelnik5_y.zip
12,12,3,50,inf,20.0,0.1,2.26840615272522,0.2907,341.8132,1.5029,0.8134,0.391,1.1221,0.6032,0.6104,0.8123,0.4889,0.6104,0.5256,VarianceParTree,zelnik5_y.zip
12,12,3,50,inf,20.0,0.2,2.3841066360473637,0.2907,341.8132,1.5029,0.8134,0.391,1.1221,0.6032,0.6104,0.8123,0.4889,0.6104,0.5256,VarianceParTree,zelnik5_y.zip
12,12,3,50,inf,inf,0.0,2.9650442600250244,0.2756,3.4911,0.4865,0.275,0.0037,0.0325,0.0038,0.0423,0.0235,0.2095,0.0423,0.4931,VarianceParTree,zelnik5_y.zip
12,12,3,50,inf,inf,0.1,3.005927324295044,0.2756,3.4911,0.4865,0.275,0.0037,0.0325,0.0038,0.0423,0.0235,0.2095,0.0423,0.4931,VarianceParTree,zelnik5_y.zip
12,12,3,50,inf,inf,0.2,2.964740753173828,0.2756,3.4911,0.4865,0.275,0.0037,0.0325,0.0038,0.0423,0.0235,0.2095,0.0423,0.4931,VarianceParTree,zelnik5_y.zip
12,12,3,5,1000.0,100.0,0.0,2.214643716812134,0.2907,341.8132,1.5029,0.8134,0.391,1.1221,0.6032,0.6104,0.8123,0.4889,0.6104,0.5256,VarianceParTree,zelnik5_y.zip
12,12,3,5,1000.0,100.0,0.1,2.253438949584961,0.2907,341.8132,1.5029,0.8134,0.391,1.1221,0.6032,0.6104,0.8123,0.4889,0.6104,0.5256,VarianceParTree,zelnik5_y.zip
12,12,3,5,1000.0,100.0,0.2,2.185575485229492,0.2907,341.8132,1.5029,0.8134,0.391,1.1221,0.6032,0.6104,0.8123,0.4889,0.6104,0.5256,VarianceParTree,zelnik5_y.zip
12,12,3,5,1000.0,20.0,0.0,2.218369007110596,0.2907,341.8132,1.5029,0.8134,0.391,1.1221,0.6032,0.6104,0.8123,0.4889,0.6104,0.5256,VarianceParTree,zelnik5_y.zip
12,12,3,5,1000.0,20.0,0.1,2.1999096870422363,0.2907,341.8132,1.5029,0.8134,0.391,1.1221,0.6032,0.6104,0.8123,0.4889,0.6104,0.5256,VarianceParTree,zelnik5_y.zip
12,12,3,5,1000.0,20.0,0.2,2.2495322227478027,0.2907,341.8132,1.5029,0.8134,0.391,1.1221,0.6032,0.6104,0.8123,0.4889,0.6104,0.5256,VarianceParTree,zelnik5_y.zip
12,12,3,5,1000.0,inf,0.0,2.9081034660339355,0.2756,3.4911,0.4865,0.275,0.0037,0.0325,0.0038,0.0423,0.0235,0.2095,0.0423,0.4931,VarianceParTree,zelnik5_y.zip
12,12,3,5,1000.0,inf,0.1,2.963268518447876,0.2756,3.4911,0.4865,0.275,0.0037,0.0325,0.0038,0.0423,0.0235,0.2095,0.0423,0.4931,VarianceParTree,zelnik5_y.zip
12,12,3,5,1000.0,inf,0.2,2.913397312164306,0.2756,3.4911,0.4865,0.275,0.0037,0.0325,0.0038,0.0423,0.0235,0.2095,0.0423,0.4931,VarianceParTree,zelnik5_y.zip
12,12,3,5,100.0,20.0,0.0,0.5195040702819824,0.2989,343.3217,1.6143,0.8208,0.4099,1.1669,0.622,0.6288,0.8447,0.5008,0.6288,0.545,VarianceParTree,zelnik5_y.zip
12,12,3,5,100.0,20.0,0.1,0.4710927009582519,0.2989,343.3217,1.6143,0.8208,0.4099,1.1669,0.622,0.6288,0.8447,0.5008,0.6288,0.545,VarianceParTree,zelnik5_y.zip
12,12,3,5,100.0,20.0,0.2,0.4733757972717285,0.2989,343.3217,1.6143,0.8208,0.4099,1.1669,0.622,0.6288,0.8447,0.5008,0.6288,0.545,VarianceParTree,zelnik5_y.zip
12,12,3,5,inf,100.0,0.0,2.318199634552002,0.2907,341.8132,1.5029,0.8134,0.391,1.1221,0.6032,0.6104,0.8123,0.4889,0.6104,0.5256,VarianceParTree,zelnik5_y.zip
12,12,3,5,inf,100.0,0.1,2.2536697387695312,0.2907,341.8132,1.5029,0.8134,0.391,1.1221,0.6032,0.6104,0.8123,0.4889,0.6104,0.5256,VarianceParTree,zelnik5_y.zip
12,12,3,5,inf,100.0,0.2,2.2486488819122314,0.2907,341.8132,1.5029,0.8134,0.391,1.1221,0.6032,0.6104,0.8123,0.4889,0.6104,0.5256,VarianceParTree,zelnik5_y.zip
12,12,3,5,inf,20.0,0.0,2.2757859230041504,0.2907,341.8132,1.5029,0.8134,0.391,1.1221,0.6032,0.6104,0.8123,0.4889,0.6104,0.5256,VarianceParTree,zelnik5_y.zip
12,12,3,5,inf,20.0,0.1,2.2897045612335205,0.2907,341.8132,1.5029,0.8134,0.391,1.1221,0.6032,0.6104,0.8123,0.4889,0.6104,0.5256,VarianceParTree,zelnik5_y.zip
12,12,3,5,inf,20.0,0.2,2.277089834213257,0.2907,341.8132,1.5029,0.8134,0.391,1.1221,0.6032,0.6104,0.8123,0.4889,0.6104,0.5256,VarianceParTree,zelnik5_y.zip
12,12,3,5,inf,inf,0.0,2.896435260772705,0.2756,3.4911,0.4865,0.275,0.0037,0.0325,0.0038,0.0423,0.0235,0.2095,0.0423,0.4931,VarianceParTree,zelnik5_y.zip
12,12,3,5,inf,inf,0.1,3.035263061523437,0.2756,3.4911,0.4865,0.275,0.0037,0.0325,0.0038,0.0423,0.0235,0.2095,0.0423,0.4931,VarianceParTree,zelnik5_y.zip
12,12,3,5,inf,inf,0.2,2.947967767715454,0.2756,3.4911,0.4865,0.275,0.0037,0.0325,0.0038,0.0423,0.0235,0.2095,0.0423,0.4931,VarianceParTree,zelnik5_y.zip
12,2,30,50,1000.0,100.0,0.0,0.2676715850830078,0.3394,251.819,1.0811,0.6297,0.2861,0.4549,0.4453,0.4469,0.3293,0.6953,0.4469,0.5694,VarianceParTree,zelnik5_y.zip
12,2,30,50,1000.0,100.0,0.1,0.2601492404937744,0.3394,251.819,1.0811,0.6297,0.2861,0.4549,0.4453,0.4469,0.3293,0.6953,0.4469,0.5694,VarianceParTree,zelnik5_y.zip
12,2,30,50,1000.0,100.0,0.2,0.3937029838562011,0.3394,251.819,1.0811,0.6297,0.2861,0.4549,0.4453,0.4469,0.3293,0.6953,0.4469,0.5694,VarianceParTree,zelnik5_y.zip
12,2,30,50,1000.0,20.0,0.0,0.2648828029632568,0.3394,251.819,1.0811,0.6297,0.2861,0.4549,0.4453,0.4469,0.3293,0.6953,0.4469,0.5694,VarianceParTree,zelnik5_y.zip
12,2,30,50,1000.0,20.0,0.1,0.2921657562255859,0.3394,251.819,1.0811,0.6297,0.2861,0.4549,0.4453,0.4469,0.3293,0.6953,0.4469,0.5694,VarianceParTree,zelnik5_y.zip
12,2,30,50,1000.0,20.0,0.2,0.2678956985473633,0.3394,251.819,1.0811,0.6297,0.2861,0.4549,0.4453,0.4469,0.3293,0.6953,0.4469,0.5694,VarianceParTree,zelnik5_y.zip
12,2,30,50,1000.0,inf,0.0,0.2604272365570068,0.3202,3.6314,0.4768,0.2532,0.0003,0.0029,0.0003,0.0041,0.0021,0.2044,0.0041,0.5003,VarianceParTree,zelnik5_y.zip
12,2,30,50,1000.0,inf,0.1,0.2680425643920898,0.3202,3.6314,0.4768,0.2532,0.0003,0.0029,0.0003,0.0041,0.0021,0.2044,0.0041,0.5003,VarianceParTree,zelnik5_y.zip
12,2,30,50,1000.0,inf,0.2,0.2737824916839599,0.3202,3.6314,0.4768,0.2532,0.0003,0.0029,0.0003,0.0041,0.0021,0.2044,0.0041,0.5003,VarianceParTree,zelnik5_y.zip
12,2,30,50,100.0,20.0,0.0,0.0639169216156005,0.3352,246.4044,1.0798,0.627,0.2839,0.4532,0.4447,0.4463,0.3281,0.6977,0.4463,0.5694,VarianceParTree,zelnik5_y.zip
12,2,30,50,100.0,20.0,0.1,0.0620989799499511,0.3352,246.4044,1.0798,0.627,0.2839,0.4532,0.4447,0.4463,0.3281,0.6977,0.4463,0.5694,VarianceParTree,zelnik5_y.zip
12,2,30,50,100.0,20.0,0.2,0.0655755996704101,0.3352,246.4044,1.0798,0.627,0.2839,0.4532,0.4447,0.4463,0.3281,0.6977,0.4463,0.5694,VarianceParTree,zelnik5_y.zip
12,2,30,50,inf,100.0,0.0,0.2709898948669433,0.3394,251.819,1.0811,0.6297,0.2861,0.4549,0.4453,0.4469,0.3293,0.6953,0.4469,0.5694,VarianceParTree,zelnik5_y.zip
12,2,30,50,inf,100.0,0.1,0.3896775245666504,0.3394,251.819,1.0811,0.6297,0.2861,0.4549,0.4453,0.4469,0.3293,0.6953,0.4469,0.5694,VarianceParTree,zelnik5_y.zip
12,2,30,50,inf,100.0,0.2,0.264498233795166,0.3394,251.819,1.0811,0.6297,0.2861,0.4549,0.4453,0.4469,0.3293,0.6953,0.4469,0.5694,VarianceParTree,zelnik5_y.zip
12,2,30,50,inf,20.0,0.0,0.2637121677398681,0.3394,251.819,1.0811,0.6297,0.2861,0.4549,0.4453,0.4469,0.3293,0.6953,0.4469,0.5694,VarianceParTree,zelnik5_y.zip
12,2,30,50,inf,20.0,0.1,0.2629711627960205,0.3394,251.819,1.0811,0.6297,0.2861,0.4549,0.4453,0.4469,0.3293,0.6953,0.4469,0.5694,VarianceParTree,zelnik5_y.zip
12,2,30,50,inf,20.0,0.2,0.2744092941284179,0.3394,251.819,1.0811,0.6297,0.2861,0.4549,0.4453,0.4469,0.3293,0.6953,0.4469,0.5694,VarianceParTree,zelnik5_y.zip
12,2,30,50,inf,inf,0.0,0.263465404510498,0.3202,3.6314,0.4768,0.2532,0.0003,0.0029,0.0003,0.0041,0.0021,0.2044,0.0041,0.5003,VarianceParTree,zelnik5_y.zip
12,2,30,50,inf,inf,0.1,0.2564816474914551,0.3202,3.6314,0.4768,0.2532,0.0003,0.0029,0.0003,0.0041,0.0021,0.2044,0.0041,0.5003,VarianceParTree,zelnik5_y.zip
12,2,30,50,inf,inf,0.2,0.2551887035369873,0.3202,3.6314,0.4768,0.2532,0.0003,0.0029,0.0003,0.0041,0.0021,0.2044,0.0041,0.5003,VarianceParTree,zelnik5_y.zip
12,2,30,5,1000.0,100.0,0.0,0.3966410160064697,0.3394,251.819,1.0811,0.6297,0.2861,0.4549,0.4453,0.4469,0.3293,0.6953,0.4469,0.5694,VarianceParTree,zelnik5_y.zip
12,2,30,5,1000.0,100.0,0.1,0.2726213932037353,0.3394,251.819,1.0811,0.6297,0.2861,0.4549,0.4453,0.4469,0.3293,0.6953,0.4469,0.5694,VarianceParTree,zelnik5_y.zip
12,2,30,5,1000.0,100.0,0.2,0.2694933414459228,0.3394,251.819,1.0811,0.6297,0.2861,0.4549,0.4453,0.4469,0.3293,0.6953,0.4469,0.5694,VarianceParTree,zelnik5_y.zip
12,2,30,5,1000.0,20.0,0.0,0.264068603515625,0.3394,251.819,1.0811,0.6297,0.2861,0.4549,0.4453,0.4469,0.3293,0.6953,0.4469,0.5694,VarianceParTree,zelnik5_y.zip
12,2,30,5,1000.0,20.0,0.1,0.2712798118591308,0.3394,251.819,1.0811,0.6297,0.2861,0.4549,0.4453,0.4469,0.3293,0.6953,0.4469,0.5694,VarianceParTree,zelnik5_y.zip
12,2,30,5,1000.0,20.0,0.2,0.2647137641906738,0.3394,251.819,1.0811,0.6297,0.2861,0.4549,0.4453,0.4469,0.3293,0.6953,0.4469,0.5694,VarianceParTree,zelnik5_y.zip
12,2,30,5,1000.0,inf,0.0,0.2619121074676513,0.3202,3.6314,0.4768,0.2532,0.0003,0.0029,0.0003,0.0041,0.0021,0.2044,0.0041,0.5003,VarianceParTree,zelnik5_y.zip
12,2,30,5,1000.0,inf,0.1,0.2600510120391845,0.3202,3.6314,0.4768,0.2532,0.0003,0.0029,0.0003,0.0041,0.0021,0.2044,0.0041,0.5003,VarianceParTree,zelnik5_y.zip
12,2,30,5,1000.0,inf,0.2,0.2580130100250244,0.3202,3.6314,0.4768,0.2532,0.0003,0.0029,0.0003,0.0041,0.0021,0.2044,0.0041,0.5003,VarianceParTree,zelnik5_y.zip
12,2,30,5,100.0,20.0,0.0,0.0632593631744384,0.3352,246.4044,1.0798,0.627,0.2839,0.4532,0.4447,0.4463,0.3281,0.6977,0.4463,0.5694,VarianceParTree,zelnik5_y.zip
12,2,30,5,100.0,20.0,0.1,0.0651686191558837,0.3352,246.4044,1.0798,0.627,0.2839,0.4532,0.4447,0.4463,0.3281,0.6977,0.4463,0.5694,VarianceParTree,zelnik5_y.zip
12,2,30,5,100.0,20.0,0.2,0.0646288394927978,0.3352,246.4044,1.0798,0.627,0.2839,0.4532,0.4447,0.4463,0.3281,0.6977,0.4463,0.5694,VarianceParTree,zelnik5_y.zip
12,2,30,5,inf,100.0,0.0,0.2871589660644531,0.3394,251.819,1.0811,0.6297,0.2861,0.4549,0.4453,0.4469,0.3293,0.6953,0.4469,0.5694,VarianceParTree,zelnik5_y.zip
12,2,30,5,inf,100.0,0.1,0.2628004550933838,0.3394,251.819,1.0811,0.6297,0.2861,0.4549,0.4453,0.4469,0.3293,0.6953,0.4469,0.5694,VarianceParTree,zelnik5_y.zip
12,2,30,5,inf,100.0,0.2,0.2615211009979248,0.3394,251.819,1.0811,0.6297,0.2861,0.4549,0.4453,0.4469,0.3293,0.6953,0.4469,0.5694,VarianceParTree,zelnik5_y.zip
12,2,30,5,inf,20.0,0.0,0.2583639621734619,0.3394,251.819,1.0811,0.6297,0.2861,0.4549,0.4453,0.4469,0.3293,0.6953,0.4469,0.5694,VarianceParTree,zelnik5_y.zip
12,2,30,5,inf,20.0,0.1,0.391704797744751,0.3394,251.819,1.0811,0.6297,0.2861,0.4549,0.4453,0.4469,0.3293,0.6953,0.4469,0.5694,VarianceParTree,zelnik5_y.zip
12,2,30,5,inf,20.0,0.2,0.2800033092498779,0.3394,251.819,1.0811,0.6297,0.2861,0.4549,0.4453,0.4469,0.3293,0.6953,0.4469,0.5694,VarianceParTree,zelnik5_y.zip
12,2,30,5,inf,inf,0.0,0.2652702331542969,0.3202,3.6314,0.4768,0.2532,0.0003,0.0029,0.0003,0.0041,0.0021,0.2044,0.0041,0.5003,VarianceParTree,zelnik5_y.zip
12,2,30,5,inf,inf,0.1,0.2711563110351562,0.3202,3.6314,0.4768,0.2532,0.0003,0.0029,0.0003,0.0041,0.0021,0.2044,0.0041,0.5003,VarianceParTree,zelnik5_y.zip
12,2,30,5,inf,inf,0.2,0.2676751613616943,0.3202,3.6314,0.4768,0.2532,0.0003,0.0029,0.0003,0.0041,0.0021,0.2044,0.0041,0.5003,VarianceParTree,zelnik5_y.zip
12,2,3,50,1000.0,100.0,0.0,0.2733128070831299,0.3394,251.819,1.0811,0.6297,0.2861,0.4549,0.4453,0.4469,0.3293,0.6953,0.4469,0.5694,VarianceParTree,zelnik5_y.zip
12,2,3,50,1000.0,100.0,0.1,0.2734966278076172,0.3394,251.819,1.0811,0.6297,0.2861,0.4549,0.4453,0.4469,0.3293,0.6953,0.4469,0.5694,VarianceParTree,zelnik5_y.zip
12,2,3,50,1000.0,100.0,0.2,0.2725355625152588,0.3394,251.819,1.0811,0.6297,0.2861,0.4549,0.4453,0.4469,0.3293,0.6953,0.4469,0.5694,VarianceParTree,zelnik5_y.zip
12,2,3,50,1000.0,20.0,0.0,0.2682771682739258,0.3394,251.819,1.0811,0.6297,0.2861,0.4549,0.4453,0.4469,0.3293,0.6953,0.4469,0.5694,VarianceParTree,zelnik5_y.zip
12,2,3,50,1000.0,20.0,0.1,0.3998470306396484,0.3394,251.819,1.0811,0.6297,0.2861,0.4549,0.4453,0.4469,0.3293,0.6953,0.4469,0.5694,VarianceParTree,zelnik5_y.zip
12,2,3,50,1000.0,20.0,0.2,0.2715668678283691,0.3394,251.819,1.0811,0.6297,0.2861,0.4549,0.4453,0.4469,0.3293,0.6953,0.4469,0.5694,VarianceParTree,zelnik5_y.zip
12,2,3,50,1000.0,inf,0.0,0.2701437473297119,0.3202,3.6314,0.4768,0.2532,0.0003,0.0029,0.0003,0.0041,0.0021,0.2044,0.0041,0.5003,VarianceParTree,zelnik5_y.zip
12,2,3,50,1000.0,inf,0.1,0.2632253170013428,0.3202,3.6314,0.4768,0.2532,0.0003,0.0029,0.0003,0.0041,0.0021,0.2044,0.0041,0.5003,VarianceParTree,zelnik5_y.zip
12,2,3,50,1000.0,inf,0.2,0.2646434307098388,0.3202,3.6314,0.4768,0.2532,0.0003,0.0029,0.0003,0.0041,0.0021,0.2044,0.0041,0.5003,VarianceParTree,zelnik5_y.zip
12,2,3,50,100.0,20.0,0.0,0.0642187595367431,0.3352,246.4044,1.0798,0.627,0.2839,0.4532,0.4447,0.4463,0.3281,0.6977,0.4463,0.5694,VarianceParTree,zelnik5_y.zip
12,2,3,50,100.0,20.0,0.1,0.0643301010131836,0.3352,246.4044,1.0798,0.627,0.2839,0.4532,0.4447,0.4463,0.3281,0.6977,0.4463,0.5694,VarianceParTree,zelnik5_y.zip
12,2,3,50,100.0,20.0,0.2,0.0643820762634277,0.3352,246.4044,1.0798,0.627,0.2839,0.4532,0.4447,0.4463,0.3281,0.6977,0.4463,0.5694,VarianceParTree,zelnik5_y.zip
12,2,3,50,inf,100.0,0.0,0.2745523452758789,0.3394,251.819,1.0811,0.6297,0.2861,0.4549,0.4453,0.4469,0.3293,0.6953,0.4469,0.5694,VarianceParTree,zelnik5_y.zip
12,2,3,50,inf,100.0,0.1,0.2616250514984131,0.3394,251.819,1.0811,0.6297,0.2861,0.4549,0.4453,0.4469,0.3293,0.6953,0.4469,0.5694,VarianceParTree,zelnik5_y.zip
12,2,3,50,inf,100.0,0.2,0.2557187080383301,0.3394,251.819,1.0811,0.6297,0.2861,0.4549,0.4453,0.4469,0.3293,0.6953,0.4469,0.5694,VarianceParTree,zelnik5_y.zip
12,2,3,50,inf,20.0,0.0,0.3906242847442627,0.3394,251.819,1.0811,0.6297,0.2861,0.4549,0.4453,0.4469,0.3293,0.6953,0.4469,0.5694,VarianceParTree,zelnik5_y.zip
12,2,3,50,inf,20.0,0.1,0.2674927711486816,0.3394,251.819,1.0811,0.6297,0.2861,0.4549,0.4453,0.4469,0.3293,0.6953,0.4469,0.5694,VarianceParTree,zelnik5_y.zip
12,2,3,50,inf,20.0,0.2,0.2740259170532226,0.3394,251.819,1.0811,0.6297,0.2861,0.4549,0.4453,0.4469,0.3293,0.6953,0.4469,0.5694,VarianceParTree,zelnik5_y.zip
12,2,3,50,inf,inf,0.0,0.2730462551116943,0.3202,3.6314,0.4768,0.2532,0.0003,0.0029,0.0003,0.0041,0.0021,0.2044,0.0041,0.5003,VarianceParTree,zelnik5_y.zip
12,2,3,50,inf,inf,0.1,0.2671773433685303,0.3202,3.6314,0.4768,0.2532,0.0003,0.0029,0.0003,0.0041,0.0021,0.2044,0.0041,0.5003,VarianceParTree,zelnik5_y.zip
12,2,3,50,inf,inf,0.2,0.2714133262634277,0.3202,3.6314,0.4768,0.2532,0.0003,0.0029,0.0003,0.0041,0.0021,0.2044,0.0041,0.5003,VarianceParTree,zelnik5_y.zip
12,2,3,5,1000.0,100.0,0.0,0.2719976902008056,0.3394,251.819,1.0811,0.6297,0.2861,0.4549,0.4453,0.4469,0.3293,0.6953,0.4469,0.5694,VarianceParTree,zelnik5_y.zip
12,2,3,5,1000.0,100.0,0.1,0.270277738571167,0.3394,251.819,1.0811,0.6297,0.2861,0.4549,0.4453,0.4469,0.3293,0.6953,0.4469,0.5694,VarianceParTree,zelnik5_y.zip
12,2,3,5,1000.0,100.0,0.2,0.2678201198577881,0.3394,251.819,1.0811,0.6297,0.2861,0.4549,0.4453,0.4469,0.3293,0.6953,0.4469,0.5694,VarianceParTree,zelnik5_y.zip
12,2,3,5,1000.0,20.0,0.0,0.2652914524078369,0.3394,251.819,1.0811,0.6297,0.2861,0.4549,0.4453,0.4469,0.3293,0.6953,0.4469,0.5694,VarianceParTree,zelnik5_y.zip
12,2,3,5,1000.0,20.0,0.1,0.3170630931854248,0.3394,251.819,1.0811,0.6297,0.2861,0.4549,0.4453,0.4469,0.3293,0.6953,0.4469,0.5694,VarianceParTree,zelnik5_y.zip
12,2,3,5,1000.0,20.0,0.2,0.2701101303100586,0.3394,251.819,1.0811,0.6297,0.2861,0.4549,0.4453,0.4469,0.3293,0.6953,0.4469,0.5694,VarianceParTree,zelnik5_y.zip
12,2,3,5,1000.0,inf,0.0,0.2715127468109131,0.3202,3.6314,0.4768,0.2532,0.0003,0.0029,0.0003,0.0041,0.0021,0.2044,0.0041,0.5003,VarianceParTree,zelnik5_y.zip
12,2,3,5,1000.0,inf,0.1,0.2706396579742431,0.3202,3.6314,0.4768,0.2532,0.0003,0.0029,0.0003,0.0041,0.0021,0.2044,0.0041,0.5003,VarianceParTree,zelnik5_y.zip
12,2,3,5,1000.0,inf,0.2,0.2714171409606933,0.3202,3.6314,0.4768,0.2532,0.0003,0.0029,0.0003,0.0041,0.0021,0.2044,0.0041,0.5003,VarianceParTree,zelnik5_y.zip
12,2,3,5,100.0,20.0,0.0,0.0620708465576171,0.3352,246.4044,1.0798,0.627,0.2839,0.4532,0.4447,0.4463,0.3281,0.6977,0.4463,0.5694,VarianceParTree,zelnik5_y.zip
12,2,3,5,100.0,20.0,0.1,0.0615839958190918,0.3352,246.4044,1.0798,0.627,0.2839,0.4532,0.4447,0.4463,0.3281,0.6977,0.4463,0.5694,VarianceParTree,zelnik5_y.zip
12,2,3,5,100.0,20.0,0.2,0.0644245147705078,0.3352,246.4044,1.0798,0.627,0.2839,0.4532,0.4447,0.4463,0.3281,0.6977,0.4463,0.5694,VarianceParTree,zelnik5_y.zip
12,2,3,5,inf,100.0,0.0,0.2695901393890381,0.3394,251.819,1.0811,0.6297,0.2861,0.4549,0.4453,0.4469,0.3293,0.6953,0.4469,0.5694,VarianceParTree,zelnik5_y.zip
12,2,3,5,inf,100.0,0.1,0.2728681564331054,0.3394,251.819,1.0811,0.6297,0.2861,0.4549,0.4453,0.4469,0.3293,0.6953,0.4469,0.5694,VarianceParTree,zelnik5_y.zip
12,2,3,5,inf,100.0,0.2,0.2577817440032959,0.3394,251.819,1.0811,0.6297,0.2861,0.4549,0.4453,0.4469,0.3293,0.6953,0.4469,0.5694,VarianceParTree,zelnik5_y.zip
12,2,3,5,inf,20.0,0.0,0.2634108066558838,0.3394,251.819,1.0811,0.6297,0.2861,0.4549,0.4453,0.4469,0.3293,0.6953,0.4469,0.5694,VarianceParTree,zelnik5_y.zip
12,2,3,5,inf,20.0,0.1,0.2702901363372803,0.3394,251.819,1.0811,0.6297,0.2861,0.4549,0.4453,0.4469,0.3293,0.6953,0.4469,0.5694,VarianceParTree,zelnik5_y.zip
12,2,3,5,inf,20.0,0.2,0.3931319713592529,0.3394,251.819,1.0811,0.6297,0.2861,0.4549,0.4453,0.4469,0.3293,0.6953,0.4469,0.5694,VarianceParTree,zelnik5_y.zip
12,2,3,5,inf,inf,0.0,0.2672836780548095,0.3202,3.6314,0.4768,0.2532,0.0003,0.0029,0.0003,0.0041,0.0021,0.2044,0.0041,0.5003,VarianceParTree,zelnik5_y.zip
12,2,3,5,inf,inf,0.1,0.2665095329284668,0.3202,3.6314,0.4768,0.2532,0.0003,0.0029,0.0003,0.0041,0.0021,0.2044,0.0041,0.5003,VarianceParTree,zelnik5_y.zip
12,2,3,5,inf,inf,0.2,0.2567534446716308,0.3202,3.6314,0.4768,0.2532,0.0003,0.0029,0.0003,0.0041,0.0021,0.2044,0.0041,0.5003,VarianceParTree,zelnik5_y.zip
12,4,30,50,1000.0,100.0,0.0,0.7121708393096924,0.3004,289.7329,1.085,0.7429,0.329,0.5553,0.4019,0.4058,0.402,0.4097,0.4058,0.5023,VarianceParTree,zelnik5_y.zip
12,4,30,50,1000.0,100.0,0.1,0.6801128387451172,0.3004,289.7329,1.085,0.7429,0.329,0.5553,0.4019,0.4058,0.402,0.4097,0.4058,0.5023,VarianceParTree,zelnik5_y.zip
12,4,30,50,1000.0,100.0,0.2,0.687680721282959,0.3004,289.7329,1.085,0.7429,0.329,0.5553,0.4019,0.4058,0.402,0.4097,0.4058,0.5023,VarianceParTree,zelnik5_y.zip
12,4,30,50,1000.0,20.0,0.0,0.7015471458435059,0.3004,289.7329,1.085,0.7429,0.329,0.5553,0.4019,0.4058,0.402,0.4097,0.4058,0.5023,VarianceParTree,zelnik5_y.zip
12,4,30,50,1000.0,20.0,0.1,0.6862602233886719,0.3004,289.7329,1.085,0.7429,0.329,0.5553,0.4019,0.4058,0.402,0.4097,0.4058,0.5023,VarianceParTree,zelnik5_y.zip
12,4,30,50,1000.0,20.0,0.2,0.8433408737182617,0.3004,289.7329,1.085,0.7429,0.329,0.5553,0.4019,0.4058,0.402,0.4097,0.4058,0.5023,VarianceParTree,zelnik5_y.zip
12,4,30,50,1000.0,inf,0.0,0.781670093536377,0.3107,3.5768,0.4808,0.2575,0.0008,0.0087,0.0008,0.0122,0.0063,0.2054,0.0122,0.4987,VarianceParTree,zelnik5_y.zip
12,4,30,50,1000.0,inf,0.1,0.7974097728729248,0.3107,3.5768,0.4808,0.2575,0.0008,0.0087,0.0008,0.0122,0.0063,0.2054,0.0122,0.4987,VarianceParTree,zelnik5_y.zip
12,4,30,50,1000.0,inf,0.2,0.9046599864959716,0.3107,3.5768,0.4808,0.2575,0.0008,0.0087,0.0008,0.0122,0.0063,0.2054,0.0122,0.4987,VarianceParTree,zelnik5_y.zip
12,4,30,50,100.0,20.0,0.0,0.1812858581542968,0.2306,270.7353,1.3757,0.7675,0.4236,0.7183,0.5431,0.5462,0.52,0.5751,0.5462,0.5854,VarianceParTree,zelnik5_y.zip
12,4,30,50,100.0,20.0,0.1,0.1801192760467529,0.2306,270.7353,1.3757,0.7675,0.4236,0.7183,0.5431,0.5462,0.52,0.5751,0.5462,0.5854,VarianceParTree,zelnik5_y.zip
12,4,30,50,100.0,20.0,0.2,0.1708574295043945,0.2306,270.7353,1.3757,0.7675,0.4236,0.7183,0.5431,0.5462,0.52,0.5751,0.5462,0.5854,VarianceParTree,zelnik5_y.zip
12,4,30,50,inf,100.0,0.0,0.7460851669311523,0.3004,289.7329,1.085,0.7429,0.329,0.5553,0.4019,0.4058,0.402,0.4097,0.4058,0.5023,VarianceParTree,zelnik5_y.zip
12,4,30,50,inf,100.0,0.1,0.6766335964202881,0.3004,289.7329,1.085,0.7429,0.329,0.5553,0.4019,0.4058,0.402,0.4097,0.4058,0.5023,VarianceParTree,zelnik5_y.zip
12,4,30,50,inf,100.0,0.2,0.8336610794067383,0.3004,289.7329,1.085,0.7429,0.329,0.5553,0.4019,0.4058,0.402,0.4097,0.4058,0.5023,VarianceParTree,zelnik5_y.zip
12,4,30,50,inf,20.0,0.0,0.7307853698730469,0.3004,289.7329,1.085,0.7429,0.329,0.5553,0.4019,0.4058,0.402,0.4097,0.4058,0.5023,VarianceParTree,zelnik5_y.zip
12,4,30,50,inf,20.0,0.1,0.8476123809814453,0.3004,289.7329,1.085,0.7429,0.329,0.5553,0.4019,0.4058,0.402,0.4097,0.4058,0.5023,VarianceParTree,zelnik5_y.zip
12,4,30,50,inf,20.0,0.2,0.7060129642486572,0.3004,289.7329,1.085,0.7429,0.329,0.5553,0.4019,0.4058,0.402,0.4097,0.4058,0.5023,VarianceParTree,zelnik5_y.zip
12,4,30,50,inf,inf,0.0,0.7993996143341064,0.3107,3.5768,0.4808,0.2575,0.0008,0.0087,0.0008,0.0122,0.0063,0.2054,0.0122,0.4987,VarianceParTree,zelnik5_y.zip
12,4,30,50,inf,inf,0.1,0.912086009979248,0.3107,3.5768,0.4808,0.2575,0.0008,0.0087,0.0008,0.0122,0.0063,0.2054,0.0122,0.4987,VarianceParTree,zelnik5_y.zip
12,4,30,50,inf,inf,0.2,0.7832705974578857,0.3107,3.5768,0.4808,0.2575,0.0008,0.0087,0.0008,0.0122,0.0063,0.2054,0.0122,0.4987,VarianceParTree,zelnik5_y.zip
12,4,30,5,1000.0,100.0,0.0,0.686469554901123,0.3004,289.7329,1.085,0.7429,0.329,0.5553,0.4019,0.4058,0.402,0.4097,0.4058,0.5023,VarianceParTree,zelnik5_y.zip
12,4,30,5,1000.0,100.0,0.1,0.8434722423553467,0.3004,289.7329,1.085,0.7429,0.329,0.5553,0.4019,0.4058,0.402,0.4097,0.4058,0.5023,VarianceParTree,zelnik5_y.zip
12,4,30,5,1000.0,100.0,0.2,0.7147214412689209,0.3004,289.7329,1.085,0.7429,0.329,0.5553,0.4019,0.4058,0.402,0.4097,0.4058,0.5023,VarianceParTree,zelnik5_y.zip
12,4,30,5,1000.0,20.0,0.0,0.8275315761566162,0.3004,289.7329,1.085,0.7429,0.329,0.5553,0.4019,0.4058,0.402,0.4097,0.4058,0.5023,VarianceParTree,zelnik5_y.zip
12,4,30,5,1000.0,20.0,0.1,0.7080838680267334,0.3004,289.7329,1.085,0.7429,0.329,0.5553,0.4019,0.4058,0.402,0.4097,0.4058,0.5023,VarianceParTree,zelnik5_y.zip
12,4,30,5,1000.0,20.0,0.2,0.7109918594360352,0.3004,289.7329,1.085,0.7429,0.329,0.5553,0.4019,0.4058,0.402,0.4097,0.4058,0.5023,VarianceParTree,zelnik5_y.zip
12,4,30,5,1000.0,inf,0.0,0.9175586700439452,0.3107,3.5768,0.4808,0.2575,0.0008,0.0087,0.0008,0.0122,0.0063,0.2054,0.0122,0.4987,VarianceParTree,zelnik5_y.zip
12,4,30,5,1000.0,inf,0.1,0.7891852855682373,0.3107,3.5768,0.4808,0.2575,0.0008,0.0087,0.0008,0.0122,0.0063,0.2054,0.0122,0.4987,VarianceParTree,zelnik5_y.zip
12,4,30,5,1000.0,inf,0.2,0.7614524364471436,0.3107,3.5768,0.4808,0.2575,0.0008,0.0087,0.0008,0.0122,0.0063,0.2054,0.0122,0.4987,VarianceParTree,zelnik5_y.zip
12,4,30,5,100.0,20.0,0.0,0.1790730953216552,0.2306,270.7353,1.3757,0.7675,0.4236,0.7183,0.5431,0.5462,0.52,0.5751,0.5462,0.5854,VarianceParTree,zelnik5_y.zip
12,4,30,5,100.0,20.0,0.1,0.1872620582580566,0.2306,270.7353,1.3757,0.7675,0.4236,0.7183,0.5431,0.5462,0.52,0.5751,0.5462,0.5854,VarianceParTree,zelnik5_y.zip
12,4,30,5,100.0,20.0,0.2,0.1728579998016357,0.2306,270.7353,1.3757,0.7675,0.4236,0.7183,0.5431,0.5462,0.52,0.5751,0.5462,0.5854,VarianceParTree,zelnik5_y.zip
12,4,30,5,inf,100.0,0.0,0.8113460540771484,0.3004,289.7329,1.085,0.7429,0.329,0.5553,0.4019,0.4058,0.402,0.4097,0.4058,0.5023,VarianceParTree,zelnik5_y.zip
12,4,30,5,inf,100.0,0.1,0.6780743598937988,0.3004,289.7329,1.085,0.7429,0.329,0.5553,0.4019,0.4058,0.402,0.4097,0.4058,0.5023,VarianceParTree,zelnik5_y.zip
12,4,30,5,inf,100.0,0.2,0.6939465999603271,0.3004,289.7329,1.085,0.7429,0.329,0.5553,0.4019,0.4058,0.402,0.4097,0.4058,0.5023,VarianceParTree,zelnik5_y.zip
12,4,30,5,inf,20.0,0.0,0.7057502269744873,0.3004,289.7329,1.085,0.7429,0.329,0.5553,0.4019,0.4058,0.402,0.4097,0.4058,0.5023,VarianceParTree,zelnik5_y.zip
12,4,30,5,inf,20.0,0.1,0.709120512008667,0.3004,289.7329,1.085,0.7429,0.329,0.5553,0.4019,0.4058,0.402,0.4097,0.4058,0.5023,VarianceParTree,zelnik5_y.zip
12,4,30,5,inf,20.0,0.2,0.6885719299316406,0.3004,289.7329,1.085,0.7429,0.329,0.5553,0.4019,0.4058,0.402,0.4097,0.4058,0.5023,VarianceParTree,zelnik5_y.zip
12,4,30,5,inf,inf,0.0,0.7945151329040527,0.3107,3.5768,0.4808,0.2575,0.0008,0.0087,0.0008,0.0122,0.0063,0.2054,0.0122,0.4987,VarianceParTree,zelnik5_y.zip
12,4,30,5,inf,inf,0.1,0.8092389106750488,0.3107,3.5768,0.4808,0.2575,0.0008,0.0087,0.0008,0.0122,0.0063,0.2054,0.0122,0.4987,VarianceParTree,zelnik5_y.zip
12,4,30,5,inf,inf,0.2,0.90708589553833,0.3107,3.5768,0.4808,0.2575,0.0008,0.0087,0.0008,0.0122,0.0063,0.2054,0.0122,0.4987,VarianceParTree,zelnik5_y.zip
12,4,3,50,1000.0,100.0,0.0,0.7165744304656982,0.3004,289.7329,1.085,0.7429,0.329,0.5553,0.4019,0.4058,0.402,0.4097,0.4058,0.5023,VarianceParTree,zelnik5_y.zip
12,4,3,50,1000.0,100.0,0.1,0.704301118850708,0.3004,289.7329,1.085,0.7429,0.329,0.5553,0.4019,0.4058,0.402,0.4097,0.4058,0.5023,VarianceParTree,zelnik5_y.zip
12,4,3,50,1000.0,100.0,0.2,0.6985509395599365,0.3004,289.7329,1.085,0.7429,0.329,0.5553,0.4019,0.4058,0.402,0.4097,0.4058,0.5023,VarianceParTree,zelnik5_y.zip
12,4,3,50,1000.0,20.0,0.0,0.710141658782959,0.3004,289.7329,1.085,0.7429,0.329,0.5553,0.4019,0.4058,0.402,0.4097,0.4058,0.5023,VarianceParTree,zelnik5_y.zip
12,4,3,50,1000.0,20.0,0.1,0.6837003231048584,0.3004,289.7329,1.085,0.7429,0.329,0.5553,0.4019,0.4058,0.402,0.4097,0.4058,0.5023,VarianceParTree,zelnik5_y.zip
12,4,3,50,1000.0,20.0,0.2,0.8182826042175293,0.3004,289.7329,1.085,0.7429,0.329,0.5553,0.4019,0.4058,0.402,0.4097,0.4058,0.5023,VarianceParTree,zelnik5_y.zip
12,4,3,50,1000.0,inf,0.0,0.789470911026001,0.3107,3.5768,0.4808,0.2575,0.0008,0.0087,0.0008,0.0122,0.0063,0.2054,0.0122,0.4987,VarianceParTree,zelnik5_y.zip
12,4,3,50,1000.0,inf,0.1,0.8029050827026367,0.3107,3.5768,0.4808,0.2575,0.0008,0.0087,0.0008,0.0122,0.0063,0.2054,0.0122,0.4987,VarianceParTree,zelnik5_y.zip
12,4,3,50,1000.0,inf,0.2,0.8812997341156006,0.3107,3.5768,0.4808,0.2575,0.0008,0.0087,0.0008,0.0122,0.0063,0.2054,0.0122,0.4987,VarianceParTree,zelnik5_y.zip
12,4,3,50,100.0,20.0,0.0,0.2975842952728271,0.2306,270.7353,1.3757,0.7675,0.4236,0.7183,0.5431,0.5462,0.52,0.5751,0.5462,0.5854,VarianceParTree,zelnik5_y.zip
12,4,3,50,100.0,20.0,0.1,0.1952755451202392,0.2306,270.7353,1.3757,0.7675,0.4236,0.7183,0.5431,0.5462,0.52,0.5751,0.5462,0.5854,VarianceParTree,zelnik5_y.zip
12,4,3,50,100.0,20.0,0.2,0.171579360961914,0.2306,270.7353,1.3757,0.7675,0.4236,0.7183,0.5431,0.5462,0.52,0.5751,0.5462,0.5854,VarianceParTree,zelnik5_y.zip
12,4,3,50,inf,100.0,0.0,0.7047641277313232,0.3004,289.7329,1.085,0.7429,0.329,0.5553,0.4019,0.4058,0.402,0.4097,0.4058,0.5023,VarianceParTree,zelnik5_y.zip
12,4,3,50,inf,100.0,0.1,0.7088942527770996,0.3004,289.7329,1.085,0.7429,0.329,0.5553,0.4019,0.4058,0.402,0.4097,0.4058,0.5023,VarianceParTree,zelnik5_y.zip
12,4,3,50,inf,100.0,0.2,0.8490486145019531,0.3004,289.7329,1.085,0.7429,0.329,0.5553,0.4019,0.4058,0.402,0.4097,0.4058,0.5023,VarianceParTree,zelnik5_y.zip
12,4,3,50,inf,20.0,0.0,0.7074573040008545,0.3004,289.7329,1.085,0.7429,0.329,0.5553,0.4019,0.4058,0.402,0.4097,0.4058,0.5023,VarianceParTree,zelnik5_y.zip
12,4,3,50,inf,20.0,0.1,0.8304934501647949,0.3004,289.7329,1.085,0.7429,0.329,0.5553,0.4019,0.4058,0.402,0.4097,0.4058,0.5023,VarianceParTree,zelnik5_y.zip
12,4,3,50,inf,20.0,0.2,0.7310478687286377,0.3004,289.7329,1.085,0.7429,0.329,0.5553,0.4019,0.4058,0.402,0.4097,0.4058,0.5023,VarianceParTree,zelnik5_y.zip
12,4,3,50,inf,inf,0.0,0.7862594127655029,0.3107,3.5768,0.4808,0.2575,0.0008,0.0087,0.0008,0.0122,0.0063,0.2054,0.0122,0.4987,VarianceParTree,zelnik5_y.zip
12,4,3,50,inf,inf,0.1,0.9083647727966307,0.3107,3.5768,0.4808,0.2575,0.0008,0.0087,0.0008,0.0122,0.0063,0.2054,0.0122,0.4987,VarianceParTree,zelnik5_y.zip
12,4,3,50,inf,inf,0.2,0.7676072120666504,0.3107,3.5768,0.4808,0.2575,0.0008,0.0087,0.0008,0.0122,0.0063,0.2054,0.0122,0.4987,VarianceParTree,zelnik5_y.zip
12,4,3,5,1000.0,100.0,0.0,0.7038192749023438,0.3004,289.7329,1.085,0.7429,0.329,0.5553,0.4019,0.4058,0.402,0.4097,0.4058,0.5023,VarianceParTree,zelnik5_y.zip
12,4,3,5,1000.0,100.0,0.1,0.7410316467285156,0.3004,289.7329,1.085,0.7429,0.329,0.5553,0.4019,0.4058,0.402,0.4097,0.4058,0.5023,VarianceParTree,zelnik5_y.zip
12,4,3,5,1000.0,100.0,0.2,0.6777839660644531,0.3004,289.7329,1.085,0.7429,0.329,0.5553,0.4019,0.4058,0.402,0.4097,0.4058,0.5023,VarianceParTree,zelnik5_y.zip
12,4,3,5,1000.0,20.0,0.0,0.7603638172149658,0.3004,289.7329,1.085,0.7429,0.329,0.5553,0.4019,0.4058,0.402,0.4097,0.4058,0.5023,VarianceParTree,zelnik5_y.zip
12,4,3,5,1000.0,20.0,0.1,0.7045645713806152,0.3004,289.7329,1.085,0.7429,0.329,0.5553,0.4019,0.4058,0.402,0.4097,0.4058,0.5023,VarianceParTree,zelnik5_y.zip
12,4,3,5,1000.0,20.0,0.2,0.7539255619049072,0.3004,289.7329,1.085,0.7429,0.329,0.5553,0.4019,0.4058,0.402,0.4097,0.4058,0.5023,VarianceParTree,zelnik5_y.zip
12,4,3,5,1000.0,inf,0.0,0.9589056968688964,0.3107,3.5768,0.4808,0.2575,0.0008,0.0087,0.0008,0.0122,0.0063,0.2054,0.0122,0.4987,VarianceParTree,zelnik5_y.zip
12,4,3,5,1000.0,inf,0.1,0.8016817569732666,0.3107,3.5768,0.4808,0.2575,0.0008,0.0087,0.0008,0.0122,0.0063,0.2054,0.0122,0.4987,VarianceParTree,zelnik5_y.zip
12,4,3,5,1000.0,inf,0.2,0.7999868392944336,0.3107,3.5768,0.4808,0.2575,0.0008,0.0087,0.0008,0.0122,0.0063,0.2054,0.0122,0.4987,VarianceParTree,zelnik5_y.zip
12,4,3,5,100.0,20.0,0.0,0.2244577407836914,0.2306,270.7353,1.3757,0.7675,0.4236,0.7183,0.5431,0.5462,0.52,0.5751,0.5462,0.5854,VarianceParTree,zelnik5_y.zip
12,4,3,5,100.0,20.0,0.1,0.1888422966003418,0.2306,270.7353,1.3757,0.7675,0.4236,0.7183,0.5431,0.5462,0.52,0.5751,0.5462,0.5854,VarianceParTree,zelnik5_y.zip
12,4,3,5,100.0,20.0,0.2,0.1824076175689697,0.2306,270.7353,1.3757,0.7675,0.4236,0.7183,0.5431,0.5462,0.52,0.5751,0.5462,0.5854,VarianceParTree,zelnik5_y.zip
12,4,3,5,inf,100.0,0.0,0.8281466960906982,0.3004,289.7329,1.085,0.7429,0.329,0.5553,0.4019,0.4058,0.402,0.4097,0.4058,0.5023,VarianceParTree,zelnik5_y.zip
12,4,3,5,inf,100.0,0.1,0.6690018177032471,0.3004,289.7329,1.085,0.7429,0.329,0.5553,0.4019,0.4058,0.402,0.4097,0.4058,0.5023,VarianceParTree,zelnik5_y.zip
12,4,3,5,inf,100.0,0.2,0.6964895725250244,0.3004,289.7329,1.085,0.7429,0.329,0.5553,0.4019,0.4058,0.402,0.4097,0.4058,0.5023,VarianceParTree,zelnik5_y.zip
12,4,3,5,inf,20.0,0.0,0.8231627941131592,0.3004,289.7329,1.085,0.7429,0.329,0.5553,0.4019,0.4058,0.402,0.4097,0.4058,0.5023,VarianceParTree,zelnik5_y.zip
12,4,3,5,inf,20.0,0.1,0.7097716331481934,0.3004,289.7329,1.085,0.7429,0.329,0.5553,0.4019,0.4058,0.402,0.4097,0.4058,0.5023,VarianceParTree,zelnik5_y.zip
12,4,3,5,inf,20.0,0.2,0.7096896171569824,0.3004,289.7329,1.085,0.7429,0.329,0.5553,0.4019,0.4058,0.402,0.4097,0.4058,0.5023,VarianceParTree,zelnik5_y.zip
12,4,3,5,inf,inf,0.0,0.7877566814422607,0.3107,3.5768,0.4808,0.2575,0.0008,0.0087,0.0008,0.0122,0.0063,0.2054,0.0122,0.4987,VarianceParTree,zelnik5_y.zip
12,4,3,5,inf,inf,0.1,0.8035664558410645,0.3107,3.5768,0.4808,0.2575,0.0008,0.0087,0.0008,0.0122,0.0063,0.2054,0.0122,0.4987,VarianceParTree,zelnik5_y.zip
12,4,3,5,inf,inf,0.2,0.7915456295013428,0.3107,3.5768,0.4808,0.2575,0.0008,0.0087,0.0008,0.0122,0.0063,0.2054,0.0122,0.4987,VarianceParTree,zelnik5_y.zip
12,6,30,50,1000.0,100.0,0.0,1.19929838180542,0.1897,245.5155,1.2806,0.7441,0.2642,0.6039,0.3903,0.3964,0.4372,0.3626,0.3964,0.4289,VarianceParTree,zelnik5_y.zip
12,6,30,50,1000.0,100.0,0.1,1.0683104991912842,0.1897,245.5155,1.2806,0.7441,0.2642,0.6039,0.3903,0.3964,0.4372,0.3626,0.3964,0.4289,VarianceParTree,zelnik5_y.zip
12,6,30,50,1000.0,100.0,0.2,1.207763433456421,0.1897,245.5155,1.2806,0.7441,0.2642,0.6039,0.3903,0.3964,0.4372,0.3626,0.3964,0.4289,VarianceParTree,zelnik5_y.zip
12,6,30,50,1000.0,20.0,0.0,1.090303897857666,0.1897,245.5155,1.2806,0.7441,0.2642,0.6039,0.3903,0.3964,0.4372,0.3626,0.3964,0.4289,VarianceParTree,zelnik5_y.zip
12,6,30,50,1000.0,20.0,0.1,1.2075238227844238,0.1897,245.5155,1.2806,0.7441,0.2642,0.6039,0.3903,0.3964,0.4372,0.3626,0.3964,0.4289,VarianceParTree,zelnik5_y.zip
12,6,30,50,1000.0,20.0,0.2,1.0989367961883545,0.1897,245.5155,1.2806,0.7441,0.2642,0.6039,0.3903,0.3964,0.4372,0.3626,0.3964,0.4289,VarianceParTree,zelnik5_y.zip
12,6,30,50,1000.0,inf,0.0,1.4077751636505127,0.3047,3.5878,0.4805,0.2618,0.0014,0.0146,0.0015,0.0201,0.0106,0.2064,0.0201,0.4972,VarianceParTree,zelnik5_y.zip
12,6,30,50,1000.0,inf,0.1,1.3410248756408691,0.3047,3.5878,0.4805,0.2618,0.0014,0.0146,0.0015,0.0201,0.0106,0.2064,0.0201,0.4972,VarianceParTree,zelnik5_y.zip
12,6,30,50,1000.0,inf,0.2,1.4420137405395508,0.3047,3.5878,0.4805,0.2618,0.0014,0.0146,0.0015,0.0201,0.0106,0.2064,0.0201,0.4972,VarianceParTree,zelnik5_y.zip
12,6,30,50,100.0,20.0,0.0,0.2541522979736328,0.1873,239.6841,1.4755,0.7749,0.383,0.7566,0.5071,0.5122,0.5477,0.481,0.5122,0.5311,VarianceParTree,zelnik5_y.zip
12,6,30,50,100.0,20.0,0.1,0.2641613483428955,0.1873,239.6841,1.4755,0.7749,0.383,0.7566,0.5071,0.5122,0.5477,0.481,0.5122,0.5311,VarianceParTree,zelnik5_y.zip
12,6,30,50,100.0,20.0,0.2,0.2509148120880127,0.1873,239.6841,1.4755,0.7749,0.383,0.7566,0.5071,0.5122,0.5477,0.481,0.5122,0.5311,VarianceParTree,zelnik5_y.zip
12,6,30,50,inf,100.0,0.0,1.0757369995117188,0.1897,245.5155,1.2806,0.7441,0.2642,0.6039,0.3903,0.3964,0.4372,0.3626,0.3964,0.4289,VarianceParTree,zelnik5_y.zip
12,6,30,50,inf,100.0,0.1,1.1897428035736084,0.1897,245.5155,1.2806,0.7441,0.2642,0.6039,0.3903,0.3964,0.4372,0.3626,0.3964,0.4289,VarianceParTree,zelnik5_y.zip
12,6,30,50,inf,100.0,0.2,1.0885844230651855,0.1897,245.5155,1.2806,0.7441,0.2642,0.6039,0.3903,0.3964,0.4372,0.3626,0.3964,0.4289,VarianceParTree,zelnik5_y.zip
12,6,30,50,inf,20.0,0.0,1.2285869121551514,0.1897,245.5155,1.2806,0.7441,0.2642,0.6039,0.3903,0.3964,0.4372,0.3626,0.3964,0.4289,VarianceParTree,zelnik5_y.zip
12,6,30,50,inf,20.0,0.1,1.0974383354187012,0.1897,245.5155,1.2806,0.7441,0.2642,0.6039,0.3903,0.3964,0.4372,0.3626,0.3964,0.4289,VarianceParTree,zelnik5_y.zip
12,6,30,50,inf,20.0,0.2,1.2192275524139404,0.1897,245.5155,1.2806,0.7441,0.2642,0.6039,0.3903,0.3964,0.4372,0.3626,0.3964,0.4289,VarianceParTree,zelnik5_y.zip
12,6,30,50,inf,inf,0.0,1.2849972248077393,0.3047,3.5878,0.4805,0.2618,0.0014,0.0146,0.0015,0.0201,0.0106,0.2064,0.0201,0.4972,VarianceParTree,zelnik5_y.zip
12,6,30,50,inf,inf,0.1,1.419424057006836,0.3047,3.5878,0.4805,0.2618,0.0014,0.0146,0.0015,0.0201,0.0106,0.2064,0.0201,0.4972,VarianceParTree,zelnik5_y.zip
12,6,30,50,inf,inf,0.2,1.306025505065918,0.3047,3.5878,0.4805,0.2618,0.0014,0.0146,0.0015,0.0201,0.0106,0.2064,0.0201,0.4972,VarianceParTree,zelnik5_y.zip
12,6,30,5,1000.0,100.0,0.0,1.201514720916748,0.1897,245.5155,1.2806,0.7441,0.2642,0.6039,0.3903,0.3964,0.4372,0.3626,0.3964,0.4289,VarianceParTree,zelnik5_y.zip
12,6,30,5,1000.0,100.0,0.1,1.0758917331695557,0.1897,245.5155,1.2806,0.7441,0.2642,0.6039,0.3903,0.3964,0.4372,0.3626,0.3964,0.4289,VarianceParTree,zelnik5_y.zip
12,6,30,5,1000.0,100.0,0.2,1.2393732070922852,0.1897,245.5155,1.2806,0.7441,0.2642,0.6039,0.3903,0.3964,0.4372,0.3626,0.3964,0.4289,VarianceParTree,zelnik5_y.zip
12,6,30,5,1000.0,20.0,0.0,1.061854362487793,0.1897,245.5155,1.2806,0.7441,0.2642,0.6039,0.3903,0.3964,0.4372,0.3626,0.3964,0.4289,VarianceParTree,zelnik5_y.zip
12,6,30,5,1000.0,20.0,0.1,1.205463409423828,0.1897,245.5155,1.2806,0.7441,0.2642,0.6039,0.3903,0.3964,0.4372,0.3626,0.3964,0.4289,VarianceParTree,zelnik5_y.zip
12,6,30,5,1000.0,20.0,0.2,1.061051845550537,0.1897,245.5155,1.2806,0.7441,0.2642,0.6039,0.3903,0.3964,0.4372,0.3626,0.3964,0.4289,VarianceParTree,zelnik5_y.zip
12,6,30,5,1000.0,inf,0.0,1.3804233074188232,0.3047,3.5878,0.4805,0.2618,0.0014,0.0146,0.0015,0.0201,0.0106,0.2064,0.0201,0.4972,VarianceParTree,zelnik5_y.zip
12,6,30,5,1000.0,inf,0.1,1.310478925704956,0.3047,3.5878,0.4805,0.2618,0.0014,0.0146,0.0015,0.0201,0.0106,0.2064,0.0201,0.4972,VarianceParTree,zelnik5_y.zip
12,6,30,5,1000.0,inf,0.2,1.4270193576812744,0.3047,3.5878,0.4805,0.2618,0.0014,0.0146,0.0015,0.0201,0.0106,0.2064,0.0201,0.4972,VarianceParTree,zelnik5_y.zip
12,6,30,5,100.0,20.0,0.0,0.2556524276733398,0.1873,239.6841,1.4755,0.7749,0.383,0.7566,0.5071,0.5122,0.5477,0.481,0.5122,0.5311,VarianceParTree,zelnik5_y.zip
12,6,30,5,100.0,20.0,0.1,0.2541677951812744,0.1873,239.6841,1.4755,0.7749,0.383,0.7566,0.5071,0.5122,0.5477,0.481,0.5122,0.5311,VarianceParTree,zelnik5_y.zip
12,6,30,5,100.0,20.0,0.2,0.2638533115386963,0.1873,239.6841,1.4755,0.7749,0.383,0.7566,0.5071,0.5122,0.5477,0.481,0.5122,0.5311,VarianceParTree,zelnik5_y.zip
12,6,30,5,inf,100.0,0.0,1.050983428955078,0.1897,245.5155,1.2806,0.7441,0.2642,0.6039,0.3903,0.3964,0.4372,0.3626,0.3964,0.4289,VarianceParTree,zelnik5_y.zip
12,6,30,5,inf,100.0,0.1,1.2350969314575195,0.1897,245.5155,1.2806,0.7441,0.2642,0.6039,0.3903,0.3964,0.4372,0.3626,0.3964,0.4289,VarianceParTree,zelnik5_y.zip
12,6,30,5,inf,100.0,0.2,1.1000022888183594,0.1897,245.5155,1.2806,0.7441,0.2642,0.6039,0.3903,0.3964,0.4372,0.3626,0.3964,0.4289,VarianceParTree,zelnik5_y.zip
12,6,30,5,inf,20.0,0.0,1.2124571800231934,0.1897,245.5155,1.2806,0.7441,0.2642,0.6039,0.3903,0.3964,0.4372,0.3626,0.3964,0.4289,VarianceParTree,zelnik5_y.zip
12,6,30,5,inf,20.0,0.1,1.2424423694610596,0.1897,245.5155,1.2806,0.7441,0.2642,0.6039,0.3903,0.3964,0.4372,0.3626,0.3964,0.4289,VarianceParTree,zelnik5_y.zip
12,6,30,5,inf,20.0,0.2,1.0934014320373535,0.1897,245.5155,1.2806,0.7441,0.2642,0.6039,0.3903,0.3964,0.4372,0.3626,0.3964,0.4289,VarianceParTree,zelnik5_y.zip
12,6,30,5,inf,inf,0.0,1.3047077655792236,0.3047,3.5878,0.4805,0.2618,0.0014,0.0146,0.0015,0.0201,0.0106,0.2064,0.0201,0.4972,VarianceParTree,zelnik5_y.zip
12,6,30,5,inf,inf,0.1,1.4157159328460691,0.3047,3.5878,0.4805,0.2618,0.0014,0.0146,0.0015,0.0201,0.0106,0.2064,0.0201,0.4972,VarianceParTree,zelnik5_y.zip
12,6,30,5,inf,inf,0.2,1.2908246517181396,0.3047,3.5878,0.4805,0.2618,0.0014,0.0146,0.0015,0.0201,0.0106,0.2064,0.0201,0.4972,VarianceParTree,zelnik5_y.zip
12,6,3,50,1000.0,100.0,0.0,1.2094531059265137,0.1897,245.5155,1.2806,0.7441,0.2642,0.6039,0.3903,0.3964,0.4372,0.3626,0.3964,0.4289,VarianceParTree,zelnik5_y.zip
12,6,3,50,1000.0,100.0,0.1,1.037660837173462,0.1897,245.5155,1.2806,0.7441,0.2642,0.6039,0.3903,0.3964,0.4372,0.3626,0.3964,0.4289,VarianceParTree,zelnik5_y.zip
12,6,3,50,1000.0,100.0,0.2,1.183708667755127,0.1897,245.5155,1.2806,0.7441,0.2642,0.6039,0.3903,0.3964,0.4372,0.3626,0.3964,0.4289,VarianceParTree,zelnik5_y.zip
12,6,3,50,1000.0,20.0,0.0,1.0911803245544434,0.1897,245.5155,1.2806,0.7441,0.2642,0.6039,0.3903,0.3964,0.4372,0.3626,0.3964,0.4289,VarianceParTree,zelnik5_y.zip
12,6,3,50,1000.0,20.0,0.1,1.2187118530273438,0.1897,245.5155,1.2806,0.7441,0.2642,0.6039,0.3903,0.3964,0.4372,0.3626,0.3964,0.4289,VarianceParTree,zelnik5_y.zip
12,6,3,50,1000.0,20.0,0.2,1.081660270690918,0.1897,245.5155,1.2806,0.7441,0.2642,0.6039,0.3903,0.3964,0.4372,0.3626,0.3964,0.4289,VarianceParTree,zelnik5_y.zip
12,6,3,50,1000.0,inf,0.0,1.4065885543823242,0.3047,3.5878,0.4805,0.2618,0.0014,0.0146,0.0015,0.0201,0.0106,0.2064,0.0201,0.4972,VarianceParTree,zelnik5_y.zip
12,6,3,50,1000.0,inf,0.1,1.4244732856750488,0.3047,3.5878,0.4805,0.2618,0.0014,0.0146,0.0015,0.0201,0.0106,0.2064,0.0201,0.4972,VarianceParTree,zelnik5_y.zip
12,6,3,50,1000.0,inf,0.2,1.281559944152832,0.3047,3.5878,0.4805,0.2618,0.0014,0.0146,0.0015,0.0201,0.0106,0.2064,0.0201,0.4972,VarianceParTree,zelnik5_y.zip
12,6,3,50,100.0,20.0,0.0,0.250274658203125,0.1873,239.6841,1.4755,0.7749,0.383,0.7566,0.5071,0.5122,0.5477,0.481,0.5122,0.5311,VarianceParTree,zelnik5_y.zip
12,6,3,50,100.0,20.0,0.1,0.2543892860412597,0.1873,239.6841,1.4755,0.7749,0.383,0.7566,0.5071,0.5122,0.5477,0.481,0.5122,0.5311,VarianceParTree,zelnik5_y.zip
12,6,3,50,100.0,20.0,0.2,0.2560656070709228,0.1873,239.6841,1.4755,0.7749,0.383,0.7566,0.5071,0.5122,0.5477,0.481,0.5122,0.5311,VarianceParTree,zelnik5_y.zip
12,6,3,50,inf,100.0,0.0,1.2045938968658447,0.1897,245.5155,1.2806,0.7441,0.2642,0.6039,0.3903,0.3964,0.4372,0.3626,0.3964,0.4289,VarianceParTree,zelnik5_y.zip
12,6,3,50,inf,100.0,0.1,1.0789928436279297,0.1897,245.5155,1.2806,0.7441,0.2642,0.6039,0.3903,0.3964,0.4372,0.3626,0.3964,0.4289,VarianceParTree,zelnik5_y.zip
12,6,3,50,inf,100.0,0.2,1.0819995403289795,0.1897,245.5155,1.2806,0.7441,0.2642,0.6039,0.3903,0.3964,0.4372,0.3626,0.3964,0.4289,VarianceParTree,zelnik5_y.zip
12,6,3,50,inf,20.0,0.0,1.097111463546753,0.1897,245.5155,1.2806,0.7441,0.2642,0.6039,0.3903,0.3964,0.4372,0.3626,0.3964,0.4289,VarianceParTree,zelnik5_y.zip
12,6,3,50,inf,20.0,0.1,1.2296504974365234,0.1897,245.5155,1.2806,0.7441,0.2642,0.6039,0.3903,0.3964,0.4372,0.3626,0.3964,0.4289,VarianceParTree,zelnik5_y.zip
12,6,3,50,inf,20.0,0.2,1.0710554122924805,0.1897,245.5155,1.2806,0.7441,0.2642,0.6039,0.3903,0.3964,0.4372,0.3626,0.3964,0.4289,VarianceParTree,zelnik5_y.zip
12,6,3,50,inf,inf,0.0,1.4408791065216064,0.3047,3.5878,0.4805,0.2618,0.0014,0.0146,0.0015,0.0201,0.0106,0.2064,0.0201,0.4972,VarianceParTree,zelnik5_y.zip
12,6,3,50,inf,inf,0.1,1.2892260551452637,0.3047,3.5878,0.4805,0.2618,0.0014,0.0146,0.0015,0.0201,0.0106,0.2064,0.0201,0.4972,VarianceParTree,zelnik5_y.zip
12,6,3,50,inf,inf,0.2,1.4485175609588623,0.3047,3.5878,0.4805,0.2618,0.0014,0.0146,0.0015,0.0201,0.0106,0.2064,0.0201,0.4972,VarianceParTree,zelnik5_y.zip
12,6,3,5,1000.0,100.0,0.0,1.1313362121582031,0.1897,245.5155,1.2806,0.7441,0.2642,0.6039,0.3903,0.3964,0.4372,0.3626,0.3964,0.4289,VarianceParTree,zelnik5_y.zip
12,6,3,5,1000.0,100.0,0.1,1.1183927059173584,0.1897,245.5155,1.2806,0.7441,0.2642,0.6039,0.3903,0.3964,0.4372,0.3626,0.3964,0.4289,VarianceParTree,zelnik5_y.zip
12,6,3,5,1000.0,100.0,0.2,1.1249210834503174,0.1897,245.5155,1.2806,0.7441,0.2642,0.6039,0.3903,0.3964,0.4372,0.3626,0.3964,0.4289,VarianceParTree,zelnik5_y.zip
12,6,3,5,1000.0,20.0,0.0,1.1653895378112793,0.1897,245.5155,1.2806,0.7441,0.2642,0.6039,0.3903,0.3964,0.4372,0.3626,0.3964,0.4289,VarianceParTree,zelnik5_y.zip
12,6,3,5,1000.0,20.0,0.1,1.1030170917510986,0.1897,245.5155,1.2806,0.7441,0.2642,0.6039,0.3903,0.3964,0.4372,0.3626,0.3964,0.4289,VarianceParTree,zelnik5_y.zip
12,6,3,5,1000.0,20.0,0.2,1.1390891075134275,0.1897,245.5155,1.2806,0.7441,0.2642,0.6039,0.3903,0.3964,0.4372,0.3626,0.3964,0.4289,VarianceParTree,zelnik5_y.zip
12,6,3,5,1000.0,inf,0.0,1.2908389568328855,0.3047,3.5878,0.4805,0.2618,0.0014,0.0146,0.0015,0.0201,0.0106,0.2064,0.0201,0.4972,VarianceParTree,zelnik5_y.zip
12,6,3,5,1000.0,inf,0.1,1.435534954071045,0.3047,3.5878,0.4805,0.2618,0.0014,0.0146,0.0015,0.0201,0.0106,0.2064,0.0201,0.4972,VarianceParTree,zelnik5_y.zip
12,6,3,5,1000.0,inf,0.2,1.2846436500549316,0.3047,3.5878,0.4805,0.2618,0.0014,0.0146,0.0015,0.0201,0.0106,0.2064,0.0201,0.4972,VarianceParTree,zelnik5_y.zip
12,6,3,5,100.0,20.0,0.0,0.2617597579956054,0.1873,239.6841,1.4755,0.7749,0.383,0.7566,0.5071,0.5122,0.5477,0.481,0.5122,0.5311,VarianceParTree,zelnik5_y.zip
12,6,3,5,100.0,20.0,0.1,0.2586991786956787,0.1873,239.6841,1.4755,0.7749,0.383,0.7566,0.5071,0.5122,0.5477,0.481,0.5122,0.5311,VarianceParTree,zelnik5_y.zip
12,6,3,5,100.0,20.0,0.2,0.2527318000793457,0.1873,239.6841,1.4755,0.7749,0.383,0.7566,0.5071,0.5122,0.5477,0.481,0.5122,0.5311,VarianceParTree,zelnik5_y.zip
12,6,3,5,inf,100.0,0.0,1.194570779800415,0.1897,245.5155,1.2806,0.7441,0.2642,0.6039,0.3903,0.3964,0.4372,0.3626,0.3964,0.4289,VarianceParTree,zelnik5_y.zip
12,6,3,5,inf,100.0,0.1,1.1045114994049072,0.1897,245.5155,1.2806,0.7441,0.2642,0.6039,0.3903,0.3964,0.4372,0.3626,0.3964,0.4289,VarianceParTree,zelnik5_y.zip
12,6,3,5,inf,100.0,0.2,1.232600212097168,0.1897,245.5155,1.2806,0.7441,0.2642,0.6039,0.3903,0.3964,0.4372,0.3626,0.3964,0.4289,VarianceParTree,zelnik5_y.zip
12,6,3,5,inf,20.0,0.0,1.0907864570617676,0.1897,245.5155,1.2806,0.7441,0.2642,0.6039,0.3903,0.3964,0.4372,0.3626,0.3964,0.4289,VarianceParTree,zelnik5_y.zip
12,6,3,5,inf,20.0,0.1,1.202111005783081,0.1897,245.5155,1.2806,0.7441,0.2642,0.6039,0.3903,0.3964,0.4372,0.3626,0.3964,0.4289,VarianceParTree,zelnik5_y.zip
12,6,3,5,inf,20.0,0.2,1.0823211669921875,0.1897,245.5155,1.2806,0.7441,0.2642,0.6039,0.3903,0.3964,0.4372,0.3626,0.3964,0.4289,VarianceParTree,zelnik5_y.zip
12,6,3,5,inf,inf,0.0,1.3953146934509275,0.3047,3.5878,0.4805,0.2618,0.0014,0.0146,0.0015,0.0201,0.0106,0.2064,0.0201,0.4972,VarianceParTree,zelnik5_y.zip
12,6,3,5,inf,inf,0.1,1.3140089511871338,0.3047,3.5878,0.4805,0.2618,0.0014,0.0146,0.0015,0.0201,0.0106,0.2064,0.0201,0.4972,VarianceParTree,zelnik5_y.zip
12,6,3,5,inf,inf,0.2,1.407662868499756,0.3047,3.5878,0.4805,0.2618,0.0014,0.0146,0.0015,0.0201,0.0106,0.2064,0.0201,0.4972,VarianceParTree,zelnik5_y.zip
12,8,30,50,1000.0,100.0,0.0,1.4652276039123535,0.2549,310.8254,1.8357,0.7827,0.3388,0.862,0.5154,0.5217,0.6241,0.4482,0.5217,0.4792,VarianceParTree,zelnik5_y.zip
12,8,30,50,1000.0,100.0,0.1,1.559324026107788,0.2549,310.8254,1.8357,0.7827,0.3388,0.862,0.5154,0.5217,0.6241,0.4482,0.5217,0.4792,VarianceParTree,zelnik5_y.zip
12,8,30,50,1000.0,100.0,0.2,1.567528486251831,0.2549,310.8254,1.8357,0.7827,0.3388,0.862,0.5154,0.5217,0.6241,0.4482,0.5217,0.4792,VarianceParTree,zelnik5_y.zip
12,8,30,50,1000.0,20.0,0.0,1.4372804164886477,0.2549,310.8254,1.8357,0.7827,0.3388,0.862,0.5154,0.5217,0.6241,0.4482,0.5217,0.4792,VarianceParTree,zelnik5_y.zip
12,8,30,50,1000.0,20.0,0.1,1.5736501216888428,0.2549,310.8254,1.8357,0.7827,0.3388,0.862,0.5154,0.5217,0.6241,0.4482,0.5217,0.4792,VarianceParTree,zelnik5_y.zip
12,8,30,50,1000.0,20.0,0.2,1.553311824798584,0.2549,310.8254,1.8357,0.7827,0.3388,0.862,0.5154,0.5217,0.6241,0.4482,0.5217,0.4792,VarianceParTree,zelnik5_y.zip
12,8,30,50,1000.0,inf,0.0,1.8208248615264893,0.2996,3.5605,0.4816,0.2662,0.0021,0.0205,0.0022,0.0277,0.0148,0.2074,0.0277,0.4958,VarianceParTree,zelnik5_y.zip
12,8,30,50,1000.0,inf,0.1,1.917675256729126,0.2996,3.5605,0.4816,0.2662,0.0021,0.0205,0.0022,0.0277,0.0148,0.2074,0.0277,0.4958,VarianceParTree,zelnik5_y.zip
12,8,30,50,1000.0,inf,0.2,1.9222760200500488,0.2996,3.5605,0.4816,0.2662,0.0021,0.0205,0.0022,0.0277,0.0148,0.2074,0.0277,0.4958,VarianceParTree,zelnik5_y.zip
12,8,30,50,100.0,20.0,0.0,0.3436686992645263,0.2718,333.4553,2.0185,0.7934,0.3653,0.9335,0.5544,0.5601,0.6758,0.4782,0.5601,0.5006,VarianceParTree,zelnik5_y.zip
12,8,30,50,100.0,20.0,0.1,0.3286681175231933,0.2718,333.4553,2.0185,0.7934,0.3653,0.9335,0.5544,0.5601,0.6758,0.4782,0.5601,0.5006,VarianceParTree,zelnik5_y.zip
12,8,30,50,100.0,20.0,0.2,0.3325352668762207,0.2718,333.4553,2.0185,0.7934,0.3653,0.9335,0.5544,0.5601,0.6758,0.4782,0.5601,0.5006,VarianceParTree,zelnik5_y.zip
12,8,30,50,inf,100.0,0.0,1.4242985248565674,0.2549,310.8254,1.8357,0.7827,0.3388,0.862,0.5154,0.5217,0.6241,0.4482,0.5217,0.4792,VarianceParTree,zelnik5_y.zip
12,8,30,50,inf,100.0,0.1,1.561611890792847,0.2549,310.8254,1.8357,0.7827,0.3388,0.862,0.5154,0.5217,0.6241,0.4482,0.5217,0.4792,VarianceParTree,zelnik5_y.zip
12,8,30,50,inf,100.0,0.2,1.5539567470550537,0.2549,310.8254,1.8357,0.7827,0.3388,0.862,0.5154,0.5217,0.6241,0.4482,0.5217,0.4792,VarianceParTree,zelnik5_y.zip
12,8,30,50,inf,20.0,0.0,1.491339921951294,0.2549,310.8254,1.8357,0.7827,0.3388,0.862,0.5154,0.5217,0.6241,0.4482,0.5217,0.4792,VarianceParTree,zelnik5_y.zip
12,8,30,50,inf,20.0,0.1,1.575061321258545,0.2549,310.8254,1.8357,0.7827,0.3388,0.862,0.5154,0.5217,0.6241,0.4482,0.5217,0.4792,VarianceParTree,zelnik5_y.zip
12,8,30,50,inf,20.0,0.2,1.5889074802398682,0.2549,310.8254,1.8357,0.7827,0.3388,0.862,0.5154,0.5217,0.6241,0.4482,0.5217,0.4792,VarianceParTree,zelnik5_y.zip
12,8,30,50,inf,inf,0.0,1.795323133468628,0.2996,3.5605,0.4816,0.2662,0.0021,0.0205,0.0022,0.0277,0.0148,0.2074,0.0277,0.4958,VarianceParTree,zelnik5_y.zip
12,8,30,50,inf,inf,0.1,1.904417991638184,0.2996,3.5605,0.4816,0.2662,0.0021,0.0205,0.0022,0.0277,0.0148,0.2074,0.0277,0.4958,VarianceParTree,zelnik5_y.zip
12,8,30,50,inf,inf,0.2,1.9369516372680664,0.2996,3.5605,0.4816,0.2662,0.0021,0.0205,0.0022,0.0277,0.0148,0.2074,0.0277,0.4958,VarianceParTree,zelnik5_y.zip
12,8,30,5,1000.0,100.0,0.0,1.5376253128051758,0.2549,310.8254,1.8357,0.7827,0.3388,0.862,0.5154,0.5217,0.6241,0.4482,0.5217,0.4792,VarianceParTree,zelnik5_y.zip
12,8,30,5,1000.0,100.0,0.1,1.601266860961914,0.2549,310.8254,1.8357,0.7827,0.3388,0.862,0.5154,0.5217,0.6241,0.4482,0.5217,0.4792,VarianceParTree,zelnik5_y.zip
12,8,30,5,1000.0,100.0,0.2,1.482069730758667,0.2549,310.8254,1.8357,0.7827,0.3388,0.862,0.5154,0.5217,0.6241,0.4482,0.5217,0.4792,VarianceParTree,zelnik5_y.zip
12,8,30,5,1000.0,20.0,0.0,1.5713996887207031,0.2549,310.8254,1.8357,0.7827,0.3388,0.862,0.5154,0.5217,0.6241,0.4482,0.5217,0.4792,VarianceParTree,zelnik5_y.zip
12,8,30,5,1000.0,20.0,0.1,1.592695951461792,0.2549,310.8254,1.8357,0.7827,0.3388,0.862,0.5154,0.5217,0.6241,0.4482,0.5217,0.4792,VarianceParTree,zelnik5_y.zip
12,8,30,5,1000.0,20.0,0.2,1.459305763244629,0.2549,310.8254,1.8357,0.7827,0.3388,0.862,0.5154,0.5217,0.6241,0.4482,0.5217,0.4792,VarianceParTree,zelnik5_y.zip
12,8,30,5,1000.0,inf,0.0,1.9174742698669436,0.2996,3.5605,0.4816,0.2662,0.0021,0.0205,0.0022,0.0277,0.0148,0.2074,0.0277,0.4958,VarianceParTree,zelnik5_y.zip
12,8,30,5,1000.0,inf,0.1,1.9580886363983157,0.2996,3.5605,0.4816,0.2662,0.0021,0.0205,0.0022,0.0277,0.0148,0.2074,0.0277,0.4958,VarianceParTree,zelnik5_y.zip
12,8,30,5,1000.0,inf,0.2,1.804225206375122,0.2996,3.5605,0.4816,0.2662,0.0021,0.0205,0.0022,0.0277,0.0148,0.2074,0.0277,0.4958,VarianceParTree,zelnik5_y.zip
12,8,30,5,100.0,20.0,0.0,0.3255128860473633,0.2718,333.4553,2.0185,0.7934,0.3653,0.9335,0.5544,0.5601,0.6758,0.4782,0.5601,0.5006,VarianceParTree,zelnik5_y.zip
12,8,30,5,100.0,20.0,0.1,0.4636273384094238,0.2718,333.4553,2.0185,0.7934,0.3653,0.9335,0.5544,0.5601,0.6758,0.4782,0.5601,0.5006,VarianceParTree,zelnik5_y.zip
12,8,30,5,100.0,20.0,0.2,0.3374042510986328,0.2718,333.4553,2.0185,0.7934,0.3653,0.9335,0.5544,0.5601,0.6758,0.4782,0.5601,0.5006,VarianceParTree,zelnik5_y.zip
12,8,30,5,inf,100.0,0.0,1.6449291706085205,0.2549,310.8254,1.8357,0.7827,0.3388,0.862,0.5154,0.5217,0.6241,0.4482,0.5217,0.4792,VarianceParTree,zelnik5_y.zip
12,8,30,5,inf,100.0,0.1,1.55022931098938,0.2549,310.8254,1.8357,0.7827,0.3388,0.862,0.5154,0.5217,0.6241,0.4482,0.5217,0.4792,VarianceParTree,zelnik5_y.zip
12,8,30,5,inf,100.0,0.2,1.4636318683624268,0.2549,310.8254,1.8357,0.7827,0.3388,0.862,0.5154,0.5217,0.6241,0.4482,0.5217,0.4792,VarianceParTree,zelnik5_y.zip
12,8,30,5,inf,20.0,0.0,1.5876853466033936,0.2549,310.8254,1.8357,0.7827,0.3388,0.862,0.5154,0.5217,0.6241,0.4482,0.5217,0.4792,VarianceParTree,zelnik5_y.zip
12,8,30,5,inf,20.0,0.1,1.6189191341400146,0.2549,310.8254,1.8357,0.7827,0.3388,0.862,0.5154,0.5217,0.6241,0.4482,0.5217,0.4792,VarianceParTree,zelnik5_y.zip
12,8,30,5,inf,20.0,0.2,1.4780590534210205,0.2549,310.8254,1.8357,0.7827,0.3388,0.862,0.5154,0.5217,0.6241,0.4482,0.5217,0.4792,VarianceParTree,zelnik5_y.zip
12,8,30,5,inf,inf,0.0,1.9428327083587649,0.2996,3.5605,0.4816,0.2662,0.0021,0.0205,0.0022,0.0277,0.0148,0.2074,0.0277,0.4958,VarianceParTree,zelnik5_y.zip
12,8,30,5,inf,inf,0.1,1.9380478858947756,0.2996,3.5605,0.4816,0.2662,0.0021,0.0205,0.0022,0.0277,0.0148,0.2074,0.0277,0.4958,VarianceParTree,zelnik5_y.zip
12,8,30,5,inf,inf,0.2,1.7904994487762451,0.2996,3.5605,0.4816,0.2662,0.0021,0.0205,0.0022,0.0277,0.0148,0.2074,0.0277,0.4958,VarianceParTree,zelnik5_y.zip
12,8,3,50,1000.0,100.0,0.0,1.5688376426696775,0.2549,310.8254,1.8357,0.7827,0.3388,0.862,0.5154,0.5217,0.6241,0.4482,0.5217,0.4792,VarianceParTree,zelnik5_y.zip
12,8,3,50,1000.0,100.0,0.1,1.4574873447418213,0.2549,310.8254,1.8357,0.7827,0.3388,0.862,0.5154,0.5217,0.6241,0.4482,0.5217,0.4792,VarianceParTree,zelnik5_y.zip
12,8,3,50,1000.0,100.0,0.2,1.5899858474731443,0.2549,310.8254,1.8357,0.7827,0.3388,0.862,0.5154,0.5217,0.6241,0.4482,0.5217,0.4792,VarianceParTree,zelnik5_y.zip
12,8,3,50,1000.0,20.0,0.0,1.569197177886963,0.2549,310.8254,1.8357,0.7827,0.3388,0.862,0.5154,0.5217,0.6241,0.4482,0.5217,0.4792,VarianceParTree,zelnik5_y.zip
12,8,3,50,1000.0,20.0,0.1,1.4069347381591797,0.2549,310.8254,1.8357,0.7827,0.3388,0.862,0.5154,0.5217,0.6241,0.4482,0.5217,0.4792,VarianceParTree,zelnik5_y.zip
12,8,3,50,1000.0,20.0,0.2,1.5604801177978516,0.2549,310.8254,1.8357,0.7827,0.3388,0.862,0.5154,0.5217,0.6241,0.4482,0.5217,0.4792,VarianceParTree,zelnik5_y.zip
12,8,3,50,1000.0,inf,0.0,1.9152069091796875,0.2996,3.5605,0.4816,0.2662,0.0021,0.0205,0.0022,0.0277,0.0148,0.2074,0.0277,0.4958,VarianceParTree,zelnik5_y.zip
12,8,3,50,1000.0,inf,0.1,1.77742338180542,0.2996,3.5605,0.4816,0.2662,0.0021,0.0205,0.0022,0.0277,0.0148,0.2074,0.0277,0.4958,VarianceParTree,zelnik5_y.zip
12,8,3,50,1000.0,inf,0.2,1.9278602600097656,0.2996,3.5605,0.4816,0.2662,0.0021,0.0205,0.0022,0.0277,0.0148,0.2074,0.0277,0.4958,VarianceParTree,zelnik5_y.zip
12,8,3,50,100.0,20.0,0.0,0.332266092300415,0.2718,333.4553,2.0185,0.7934,0.3653,0.9335,0.5544,0.5601,0.6758,0.4782,0.5601,0.5006,VarianceParTree,zelnik5_y.zip
12,8,3,50,100.0,20.0,0.1,0.3359327316284179,0.2718,333.4553,2.0185,0.7934,0.3653,0.9335,0.5544,0.5601,0.6758,0.4782,0.5601,0.5006,VarianceParTree,zelnik5_y.zip
12,8,3,50,100.0,20.0,0.2,0.343806505203247,0.2718,333.4553,2.0185,0.7934,0.3653,0.9335,0.5544,0.5601,0.6758,0.4782,0.5601,0.5006,VarianceParTree,zelnik5_y.zip
12,8,3,50,inf,100.0,0.0,1.5773491859436035,0.2549,310.8254,1.8357,0.7827,0.3388,0.862,0.5154,0.5217,0.6241,0.4482,0.5217,0.4792,VarianceParTree,zelnik5_y.zip
12,8,3,50,inf,100.0,0.1,1.463634729385376,0.2549,310.8254,1.8357,0.7827,0.3388,0.862,0.5154,0.5217,0.6241,0.4482,0.5217,0.4792,VarianceParTree,zelnik5_y.zip
12,8,3,50,inf,100.0,0.2,1.572613000869751,0.2549,310.8254,1.8357,0.7827,0.3388,0.862,0.5154,0.5217,0.6241,0.4482,0.5217,0.4792,VarianceParTree,zelnik5_y.zip
12,8,3,50,inf,20.0,0.0,1.5960791110992432,0.2549,310.8254,1.8357,0.7827,0.3388,0.862,0.5154,0.5217,0.6241,0.4482,0.5217,0.4792,VarianceParTree,zelnik5_y.zip
12,8,3,50,inf,20.0,0.1,1.4304211139678955,0.2549,310.8254,1.8357,0.7827,0.3388,0.862,0.5154,0.5217,0.6241,0.4482,0.5217,0.4792,VarianceParTree,zelnik5_y.zip
12,8,3,50,inf,20.0,0.2,1.5639350414276123,0.2549,310.8254,1.8357,0.7827,0.3388,0.862,0.5154,0.5217,0.6241,0.4482,0.5217,0.4792,VarianceParTree,zelnik5_y.zip
12,8,3,50,inf,inf,0.0,1.939656972885132,0.2996,3.5605,0.4816,0.2662,0.0021,0.0205,0.0022,0.0277,0.0148,0.2074,0.0277,0.4958,VarianceParTree,zelnik5_y.zip
12,8,3,50,inf,inf,0.1,1.7920114994049072,0.2996,3.5605,0.4816,0.2662,0.0021,0.0205,0.0022,0.0277,0.0148,0.2074,0.0277,0.4958,VarianceParTree,zelnik5_y.zip
12,8,3,50,inf,inf,0.2,1.9131460189819336,0.2996,3.5605,0.4816,0.2662,0.0021,0.0205,0.0022,0.0277,0.0148,0.2074,0.0277,0.4958,VarianceParTree,zelnik5_y.zip
12,8,3,5,1000.0,100.0,0.0,1.5020947456359863,0.2549,310.8254,1.8357,0.7827,0.3388,0.862,0.5154,0.5217,0.6241,0.4482,0.5217,0.4792,VarianceParTree,zelnik5_y.zip
12,8,3,5,1000.0,100.0,0.1,1.4996180534362793,0.2549,310.8254,1.8357,0.7827,0.3388,0.862,0.5154,0.5217,0.6241,0.4482,0.5217,0.4792,VarianceParTree,zelnik5_y.zip
12,8,3,5,1000.0,100.0,0.2,1.497398853302002,0.2549,310.8254,1.8357,0.7827,0.3388,0.862,0.5154,0.5217,0.6241,0.4482,0.5217,0.4792,VarianceParTree,zelnik5_y.zip
12,8,3,5,1000.0,20.0,0.0,1.4767260551452637,0.2549,310.8254,1.8357,0.7827,0.3388,0.862,0.5154,0.5217,0.6241,0.4482,0.5217,0.4792,VarianceParTree,zelnik5_y.zip
12,8,3,5,1000.0,20.0,0.1,1.5278401374816897,0.2549,310.8254,1.8357,0.7827,0.3388,0.862,0.5154,0.5217,0.6241,0.4482,0.5217,0.4792,VarianceParTree,zelnik5_y.zip
12,8,3,5,1000.0,20.0,0.2,1.5070650577545166,0.2549,310.8254,1.8357,0.7827,0.3388,0.862,0.5154,0.5217,0.6241,0.4482,0.5217,0.4792,VarianceParTree,zelnik5_y.zip
12,8,3,5,1000.0,inf,0.0,1.921236515045166,0.2996,3.5605,0.4816,0.2662,0.0021,0.0205,0.0022,0.0277,0.0148,0.2074,0.0277,0.4958,VarianceParTree,zelnik5_y.zip
12,8,3,5,1000.0,inf,0.1,1.8384361267089844,0.2996,3.5605,0.4816,0.2662,0.0021,0.0205,0.0022,0.0277,0.0148,0.2074,0.0277,0.4958,VarianceParTree,zelnik5_y.zip
12,8,3,5,1000.0,inf,0.2,1.9327256679534912,0.2996,3.5605,0.4816,0.2662,0.0021,0.0205,0.0022,0.0277,0.0148,0.2074,0.0277,0.4958,VarianceParTree,zelnik5_y.zip
12,8,3,5,100.0,20.0,0.0,0.3348302841186523,0.2718,333.4553,2.0185,0.7934,0.3653,0.9335,0.5544,0.5601,0.6758,0.4782,0.5601,0.5006,VarianceParTree,zelnik5_y.zip
12,8,3,5,100.0,20.0,0.1,0.384700059890747,0.2718,333.4553,2.0185,0.7934,0.3653,0.9335,0.5544,0.5601,0.6758,0.4782,0.5601,0.5006,VarianceParTree,zelnik5_y.zip
12,8,3,5,100.0,20.0,0.2,0.3286254405975342,0.2718,333.4553,2.0185,0.7934,0.3653,0.9335,0.5544,0.5601,0.6758,0.4782,0.5601,0.5006,VarianceParTree,zelnik5_y.zip
12,8,3,5,inf,100.0,0.0,1.5871844291687012,0.2549,310.8254,1.8357,0.7827,0.3388,0.862,0.5154,0.5217,0.6241,0.4482,0.5217,0.4792,VarianceParTree,zelnik5_y.zip
12,8,3,5,inf,100.0,0.1,1.4458518028259275,0.2549,310.8254,1.8357,0.7827,0.3388,0.862,0.5154,0.5217,0.6241,0.4482,0.5217,0.4792,VarianceParTree,zelnik5_y.zip
12,8,3,5,inf,100.0,0.2,1.573026180267334,0.2549,310.8254,1.8357,0.7827,0.3388,0.862,0.5154,0.5217,0.6241,0.4482,0.5217,0.4792,VarianceParTree,zelnik5_y.zip
12,8,3,5,inf,20.0,0.0,1.5600602626800537,0.2549,310.8254,1.8357,0.7827,0.3388,0.862,0.5154,0.5217,0.6241,0.4482,0.5217,0.4792,VarianceParTree,zelnik5_y.zip
12,8,3,5,inf,20.0,0.1,1.4425292015075684,0.2549,310.8254,1.8357,0.7827,0.3388,0.862,0.5154,0.5217,0.6241,0.4482,0.5217,0.4792,VarianceParTree,zelnik5_y.zip
12,8,3,5,inf,20.0,0.2,1.593311786651611,0.2549,310.8254,1.8357,0.7827,0.3388,0.862,0.5154,0.5217,0.6241,0.4482,0.5217,0.4792,VarianceParTree,zelnik5_y.zip
12,8,3,5,inf,inf,0.0,1.9573345184326167,0.2996,3.5605,0.4816,0.2662,0.0021,0.0205,0.0022,0.0277,0.0148,0.2074,0.0277,0.4958,VarianceParTree,zelnik5_y.zip
12,8,3,5,inf,inf,0.1,1.858926773071289,0.2996,3.5605,0.4816,0.2662,0.0021,0.0205,0.0022,0.0277,0.0148,0.2074,0.0277,0.4958,VarianceParTree,zelnik5_y.zip
12,8,3,5,inf,inf,0.2,1.916447401046753,0.2996,3.5605,0.4816,0.2662,0.0021,0.0205,0.0022,0.0277,0.0148,0.2074,0.0277,0.4958,VarianceParTree,zelnik5_y.zip
2,10,30,50,1000.0,100.0,0.0,0.7111351490020752,0.3008,266.113,1.3173,0.7282,0.3522,0.5629,0.4419,0.446,0.4075,0.4925,0.446,0.545,VarianceParTree,zelnik5_y.zip
2,10,30,50,1000.0,100.0,0.1,0.8091075420379639,0.3008,266.113,1.3173,0.7282,0.3522,0.5629,0.4419,0.446,0.4075,0.4925,0.446,0.545,VarianceParTree,zelnik5_y.zip
2,10,30,50,1000.0,100.0,0.2,0.6905055046081543,0.3008,266.113,1.3173,0.7282,0.3522,0.5629,0.4419,0.446,0.4075,0.4925,0.446,0.545,VarianceParTree,zelnik5_y.zip
2,10,30,50,1000.0,20.0,0.0,0.858259916305542,0.3008,266.113,1.3173,0.7282,0.3522,0.5629,0.4419,0.446,0.4075,0.4925,0.446,0.545,VarianceParTree,zelnik5_y.zip
2,10,30,50,1000.0,20.0,0.1,0.7099318504333496,0.3008,266.113,1.3173,0.7282,0.3522,0.5629,0.4419,0.446,0.4075,0.4925,0.446,0.545,VarianceParTree,zelnik5_y.zip
2,10,30,50,1000.0,20.0,0.2,0.6882009506225586,0.3008,266.113,1.3173,0.7282,0.3522,0.5629,0.4419,0.446,0.4075,0.4925,0.446,0.545,VarianceParTree,zelnik5_y.zip
2,10,30,50,1000.0,inf,0.0,0.5534095764160156,0.3101,3.5745,0.4822,0.2554,0.0005,0.0058,0.0006,0.0082,0.0042,0.2049,0.0082,0.4995,VarianceParTree,zelnik5_y.zip
2,10,30,50,1000.0,inf,0.1,0.5459702014923096,0.3101,3.5745,0.4822,0.2554,0.0005,0.0058,0.0006,0.0082,0.0042,0.2049,0.0082,0.4995,VarianceParTree,zelnik5_y.zip
2,10,30,50,1000.0,inf,0.2,0.5362544059753418,0.3101,3.5745,0.4822,0.2554,0.0005,0.0058,0.0006,0.0082,0.0042,0.2049,0.0082,0.4995,VarianceParTree,zelnik5_y.zip
2,10,30,50,100.0,20.0,0.0,0.1722245216369629,0.2981,263.1403,1.3249,0.7252,0.3469,0.5571,0.4377,0.4418,0.4033,0.4886,0.4418,0.5419,VarianceParTree,zelnik5_y.zip
2,10,30,50,100.0,20.0,0.1,0.184237003326416,0.2981,263.1403,1.3249,0.7252,0.3469,0.5571,0.4377,0.4418,0.4033,0.4886,0.4418,0.5419,VarianceParTree,zelnik5_y.zip
2,10,30,50,100.0,20.0,0.2,0.1766619682312011,0.2981,263.1403,1.3249,0.7252,0.3469,0.5571,0.4377,0.4418,0.4033,0.4886,0.4418,0.5419,VarianceParTree,zelnik5_y.zip
2,10,30,50,inf,100.0,0.0,0.693126916885376,0.3008,266.113,1.3173,0.7282,0.3522,0.5629,0.4419,0.446,0.4075,0.4925,0.446,0.545,VarianceParTree,zelnik5_y.zip
2,10,30,50,inf,100.0,0.1,0.7161786556243896,0.3008,266.113,1.3173,0.7282,0.3522,0.5629,0.4419,0.446,0.4075,0.4925,0.446,0.545,VarianceParTree,zelnik5_y.zip
2,10,30,50,inf,100.0,0.2,0.8405098915100098,0.3008,266.113,1.3173,0.7282,0.3522,0.5629,0.4419,0.446,0.4075,0.4925,0.446,0.545,VarianceParTree,zelnik5_y.zip
2,10,30,50,inf,20.0,0.0,0.693671703338623,0.3008,266.113,1.3173,0.7282,0.3522,0.5629,0.4419,0.446,0.4075,0.4925,0.446,0.545,VarianceParTree,zelnik5_y.zip
2,10,30,50,inf,20.0,0.1,0.6975865364074707,0.3008,266.113,1.3173,0.7282,0.3522,0.5629,0.4419,0.446,0.4075,0.4925,0.446,0.545,VarianceParTree,zelnik5_y.zip
2,10,30,50,inf,20.0,0.2,0.8241002559661865,0.3008,266.113,1.3173,0.7282,0.3522,0.5629,0.4419,0.446,0.4075,0.4925,0.446,0.545,VarianceParTree,zelnik5_y.zip
2,10,30,50,inf,inf,0.0,0.5321817398071289,0.3101,3.5745,0.4822,0.2554,0.0005,0.0058,0.0006,0.0082,0.0042,0.2049,0.0082,0.4995,VarianceParTree,zelnik5_y.zip
2,10,30,50,inf,inf,0.1,0.6556558609008789,0.3101,3.5745,0.4822,0.2554,0.0005,0.0058,0.0006,0.0082,0.0042,0.2049,0.0082,0.4995,VarianceParTree,zelnik5_y.zip
2,10,30,50,inf,inf,0.2,0.535407304763794,0.3101,3.5745,0.4822,0.2554,0.0005,0.0058,0.0006,0.0082,0.0042,0.2049,0.0082,0.4995,VarianceParTree,zelnik5_y.zip
2,10,30,5,1000.0,100.0,0.0,0.7064516544342041,0.3008,266.113,1.3173,0.7282,0.3522,0.5629,0.4419,0.446,0.4075,0.4925,0.446,0.545,VarianceParTree,zelnik5_y.zip
2,10,30,5,1000.0,100.0,0.1,0.8146800994873047,0.3008,266.113,1.3173,0.7282,0.3522,0.5629,0.4419,0.446,0.4075,0.4925,0.446,0.545,VarianceParTree,zelnik5_y.zip
2,10,30,5,1000.0,100.0,0.2,0.7539632320404053,0.3008,266.113,1.3173,0.7282,0.3522,0.5629,0.4419,0.446,0.4075,0.4925,0.446,0.545,VarianceParTree,zelnik5_y.zip
2,10,30,5,1000.0,20.0,0.0,0.8405952453613281,0.3008,266.113,1.3173,0.7282,0.3522,0.5629,0.4419,0.446,0.4075,0.4925,0.446,0.545,VarianceParTree,zelnik5_y.zip
2,10,30,5,1000.0,20.0,0.1,0.6778535842895508,0.3008,266.113,1.3173,0.7282,0.3522,0.5629,0.4419,0.446,0.4075,0.4925,0.446,0.545,VarianceParTree,zelnik5_y.zip
2,10,30,5,1000.0,20.0,0.2,0.7177515029907227,0.3008,266.113,1.3173,0.7282,0.3522,0.5629,0.4419,0.446,0.4075,0.4925,0.446,0.545,VarianceParTree,zelnik5_y.zip
2,10,30,5,1000.0,inf,0.0,0.5470707416534424,0.3101,3.5745,0.4822,0.2554,0.0005,0.0058,0.0006,0.0082,0.0042,0.2049,0.0082,0.4995,VarianceParTree,zelnik5_y.zip
2,10,30,5,1000.0,inf,0.1,0.5490283966064453,0.3101,3.5745,0.4822,0.2554,0.0005,0.0058,0.0006,0.0082,0.0042,0.2049,0.0082,0.4995,VarianceParTree,zelnik5_y.zip
2,10,30,5,1000.0,inf,0.2,0.5358209609985352,0.3101,3.5745,0.4822,0.2554,0.0005,0.0058,0.0006,0.0082,0.0042,0.2049,0.0082,0.4995,VarianceParTree,zelnik5_y.zip
2,10,30,5,100.0,20.0,0.0,0.1706414222717285,0.2981,263.1403,1.3249,0.7252,0.3469,0.5571,0.4377,0.4418,0.4033,0.4886,0.4418,0.5419,VarianceParTree,zelnik5_y.zip
2,10,30,5,100.0,20.0,0.1,0.178074836730957,0.2981,263.1403,1.3249,0.7252,0.3469,0.5571,0.4377,0.4418,0.4033,0.4886,0.4418,0.5419,VarianceParTree,zelnik5_y.zip
2,10,30,5,100.0,20.0,0.2,0.1789536476135254,0.2981,263.1403,1.3249,0.7252,0.3469,0.5571,0.4377,0.4418,0.4033,0.4886,0.4418,0.5419,VarianceParTree,zelnik5_y.zip
2,10,30,5,inf,100.0,0.0,0.6986560821533203,0.3008,266.113,1.3173,0.7282,0.3522,0.5629,0.4419,0.446,0.4075,0.4925,0.446,0.545,VarianceParTree,zelnik5_y.zip
2,10,30,5,inf,100.0,0.1,0.7028810977935791,0.3008,266.113,1.3173,0.7282,0.3522,0.5629,0.4419,0.446,0.4075,0.4925,0.446,0.545,VarianceParTree,zelnik5_y.zip
2,10,30,5,inf,100.0,0.2,0.802708625793457,0.3008,266.113,1.3173,0.7282,0.3522,0.5629,0.4419,0.446,0.4075,0.4925,0.446,0.545,VarianceParTree,zelnik5_y.zip
2,10,30,5,inf,20.0,0.0,0.7004251480102539,0.3008,266.113,1.3173,0.7282,0.3522,0.5629,0.4419,0.446,0.4075,0.4925,0.446,0.545,VarianceParTree,zelnik5_y.zip
2,10,30,5,inf,20.0,0.1,0.7076902389526367,0.3008,266.113,1.3173,0.7282,0.3522,0.5629,0.4419,0.446,0.4075,0.4925,0.446,0.545,VarianceParTree,zelnik5_y.zip
2,10,30,5,inf,20.0,0.2,0.8253114223480225,0.3008,266.113,1.3173,0.7282,0.3522,0.5629,0.4419,0.446,0.4075,0.4925,0.446,0.545,VarianceParTree,zelnik5_y.zip
2,10,30,5,inf,inf,0.0,0.5347824096679688,0.3101,3.5745,0.4822,0.2554,0.0005,0.0058,0.0006,0.0082,0.0042,0.2049,0.0082,0.4995,VarianceParTree,zelnik5_y.zip
2,10,30,5,inf,inf,0.1,0.6748716831207275,0.3101,3.5745,0.4822,0.2554,0.0005,0.0058,0.0006,0.0082,0.0042,0.2049,0.0082,0.4995,VarianceParTree,zelnik5_y.zip
2,10,30,5,inf,inf,0.2,0.5424051284790039,0.3101,3.5745,0.4822,0.2554,0.0005,0.0058,0.0006,0.0082,0.0042,0.2049,0.0082,0.4995,VarianceParTree,zelnik5_y.zip
2,10,3,50,1000.0,100.0,0.0,0.817826509475708,0.3008,266.113,1.3173,0.7282,0.3522,0.5629,0.4419,0.446,0.4075,0.4925,0.446,0.545,VarianceParTree,zelnik5_y.zip
2,10,3,50,1000.0,100.0,0.1,0.6754260063171387,0.3008,266.113,1.3173,0.7282,0.3522,0.5629,0.4419,0.446,0.4075,0.4925,0.446,0.545,VarianceParTree,zelnik5_y.zip
2,10,3,50,1000.0,100.0,0.2,0.692502498626709,0.3008,266.113,1.3173,0.7282,0.3522,0.5629,0.4419,0.446,0.4075,0.4925,0.446,0.545,VarianceParTree,zelnik5_y.zip
2,10,3,50,1000.0,20.0,0.0,0.8314459323883057,0.3008,266.113,1.3173,0.7282,0.3522,0.5629,0.4419,0.446,0.4075,0.4925,0.446,0.545,VarianceParTree,zelnik5_y.zip
2,10,3,50,1000.0,20.0,0.1,0.7254171371459961,0.3008,266.113,1.3173,0.7282,0.3522,0.5629,0.4419,0.446,0.4075,0.4925,0.446,0.545,VarianceParTree,zelnik5_y.zip
2,10,3,50,1000.0,20.0,0.2,0.684056282043457,0.3008,266.113,1.3173,0.7282,0.3522,0.5629,0.4419,0.446,0.4075,0.4925,0.446,0.545,VarianceParTree,zelnik5_y.zip
2,10,3,50,1000.0,inf,0.0,0.5500309467315674,0.3101,3.5745,0.4822,0.2554,0.0005,0.0058,0.0006,0.0082,0.0042,0.2049,0.0082,0.4995,VarianceParTree,zelnik5_y.zip
2,10,3,50,1000.0,inf,0.1,0.541440486907959,0.3101,3.5745,0.4822,0.2554,0.0005,0.0058,0.0006,0.0082,0.0042,0.2049,0.0082,0.4995,VarianceParTree,zelnik5_y.zip
2,10,3,50,1000.0,inf,0.2,0.5418927669525146,0.3101,3.5745,0.4822,0.2554,0.0005,0.0058,0.0006,0.0082,0.0042,0.2049,0.0082,0.4995,VarianceParTree,zelnik5_y.zip
2,10,3,50,100.0,20.0,0.0,0.1724750995635986,0.2981,263.1403,1.3249,0.7252,0.3469,0.5571,0.4377,0.4418,0.4033,0.4886,0.4418,0.5419,VarianceParTree,zelnik5_y.zip
2,10,3,50,100.0,20.0,0.1,0.1664130687713623,0.2981,263.1403,1.3249,0.7252,0.3469,0.5571,0.4377,0.4418,0.4033,0.4886,0.4418,0.5419,VarianceParTree,zelnik5_y.zip
2,10,3,50,100.0,20.0,0.2,0.1742763519287109,0.2981,263.1403,1.3249,0.7252,0.3469,0.5571,0.4377,0.4418,0.4033,0.4886,0.4418,0.5419,VarianceParTree,zelnik5_y.zip
2,10,3,50,inf,100.0,0.0,0.6893918514251709,0.3008,266.113,1.3173,0.7282,0.3522,0.5629,0.4419,0.446,0.4075,0.4925,0.446,0.545,VarianceParTree,zelnik5_y.zip
2,10,3,50,inf,100.0,0.1,0.8311750888824463,0.3008,266.113,1.3173,0.7282,0.3522,0.5629,0.4419,0.446,0.4075,0.4925,0.446,0.545,VarianceParTree,zelnik5_y.zip
2,10,3,50,inf,100.0,0.2,0.6729180812835693,0.3008,266.113,1.3173,0.7282,0.3522,0.5629,0.4419,0.446,0.4075,0.4925,0.446,0.545,VarianceParTree,zelnik5_y.zip
2,10,3,50,inf,20.0,0.0,0.6918082237243652,0.3008,266.113,1.3173,0.7282,0.3522,0.5629,0.4419,0.446,0.4075,0.4925,0.446,0.545,VarianceParTree,zelnik5_y.zip
2,10,3,50,inf,20.0,0.1,0.802746057510376,0.3008,266.113,1.3173,0.7282,0.3522,0.5629,0.4419,0.446,0.4075,0.4925,0.446,0.545,VarianceParTree,zelnik5_y.zip
2,10,3,50,inf,20.0,0.2,0.7104101181030273,0.3008,266.113,1.3173,0.7282,0.3522,0.5629,0.4419,0.446,0.4075,0.4925,0.446,0.545,VarianceParTree,zelnik5_y.zip
2,10,3,50,inf,inf,0.0,0.642768144607544,0.3101,3.5745,0.4822,0.2554,0.0005,0.0058,0.0006,0.0082,0.0042,0.2049,0.0082,0.4995,VarianceParTree,zelnik5_y.zip
2,10,3,50,inf,inf,0.1,0.5471446514129639,0.3101,3.5745,0.4822,0.2554,0.0005,0.0058,0.0006,0.0082,0.0042,0.2049,0.0082,0.4995,VarianceParTree,zelnik5_y.zip
2,10,3,50,inf,inf,0.2,0.5560648441314697,0.3101,3.5745,0.4822,0.2554,0.0005,0.0058,0.0006,0.0082,0.0042,0.2049,0.0082,0.4995,VarianceParTree,zelnik5_y.zip
2,10,3,5,1000.0,100.0,0.0,0.760073184967041,0.3008,266.113,1.3173,0.7282,0.3522,0.5629,0.4419,0.446,0.4075,0.4925,0.446,0.545,VarianceParTree,zelnik5_y.zip
2,10,3,5,1000.0,100.0,0.1,0.7188503742218018,0.3008,266.113,1.3173,0.7282,0.3522,0.5629,0.4419,0.446,0.4075,0.4925,0.446,0.545,VarianceParTree,zelnik5_y.zip
2,10,3,5,1000.0,100.0,0.2,0.7472102642059326,0.3008,266.113,1.3173,0.7282,0.3522,0.5629,0.4419,0.446,0.4075,0.4925,0.446,0.545,VarianceParTree,zelnik5_y.zip
2,10,3,5,1000.0,20.0,0.0,0.7020635604858398,0.3008,266.113,1.3173,0.7282,0.3522,0.5629,0.4419,0.446,0.4075,0.4925,0.446,0.545,VarianceParTree,zelnik5_y.zip
2,10,3,5,1000.0,20.0,0.1,0.7685415744781494,0.3008,266.113,1.3173,0.7282,0.3522,0.5629,0.4419,0.446,0.4075,0.4925,0.446,0.545,VarianceParTree,zelnik5_y.zip
2,10,3,5,1000.0,20.0,0.2,0.6733031272888184,0.3008,266.113,1.3173,0.7282,0.3522,0.5629,0.4419,0.446,0.4075,0.4925,0.446,0.545,VarianceParTree,zelnik5_y.zip
2,10,3,5,1000.0,inf,0.0,0.5336356163024902,0.3101,3.5745,0.4822,0.2554,0.0005,0.0058,0.0006,0.0082,0.0042,0.2049,0.0082,0.4995,VarianceParTree,zelnik5_y.zip
2,10,3,5,1000.0,inf,0.1,0.5150699615478516,0.3101,3.5745,0.4822,0.2554,0.0005,0.0058,0.0006,0.0082,0.0042,0.2049,0.0082,0.4995,VarianceParTree,zelnik5_y.zip
2,10,3,5,1000.0,inf,0.2,0.5485265254974365,0.3101,3.5745,0.4822,0.2554,0.0005,0.0058,0.0006,0.0082,0.0042,0.2049,0.0082,0.4995,VarianceParTree,zelnik5_y.zip
2,10,3,5,100.0,20.0,0.0,0.165438175201416,0.2981,263.1403,1.3249,0.7252,0.3469,0.5571,0.4377,0.4418,0.4033,0.4886,0.4418,0.5419,VarianceParTree,zelnik5_y.zip
2,10,3,5,100.0,20.0,0.1,0.1754250526428222,0.2981,263.1403,1.3249,0.7252,0.3469,0.5571,0.4377,0.4418,0.4033,0.4886,0.4418,0.5419,VarianceParTree,zelnik5_y.zip
2,10,3,5,100.0,20.0,0.2,0.1708993911743164,0.2981,263.1403,1.3249,0.7252,0.3469,0.5571,0.4377,0.4418,0.4033,0.4886,0.4418,0.5419,VarianceParTree,zelnik5_y.zip
2,10,3,5,inf,100.0,0.0,0.7025775909423828,0.3008,266.113,1.3173,0.7282,0.3522,0.5629,0.4419,0.446,0.4075,0.4925,0.446,0.545,VarianceParTree,zelnik5_y.zip
2,10,3,5,inf,100.0,0.1,0.690657377243042,0.3008,266.113,1.3173,0.7282,0.3522,0.5629,0.4419,0.446,0.4075,0.4925,0.446,0.545,VarianceParTree,zelnik5_y.zip
2,10,3,5,inf,100.0,0.2,0.8405137062072754,0.3008,266.113,1.3173,0.7282,0.3522,0.5629,0.4419,0.446,0.4075,0.4925,0.446,0.545,VarianceParTree,zelnik5_y.zip
2,10,3,5,inf,20.0,0.0,0.6871390342712402,0.3008,266.113,1.3173,0.7282,0.3522,0.5629,0.4419,0.446,0.4075,0.4925,0.446,0.545,VarianceParTree,zelnik5_y.zip
2,10,3,5,inf,20.0,0.1,0.8406715393066406,0.3008,266.113,1.3173,0.7282,0.3522,0.5629,0.4419,0.446,0.4075,0.4925,0.446,0.545,VarianceParTree,zelnik5_y.zip
2,10,3,5,inf,20.0,0.2,0.6891975402832031,0.3008,266.113,1.3173,0.7282,0.3522,0.5629,0.4419,0.446,0.4075,0.4925,0.446,0.545,VarianceParTree,zelnik5_y.zip
2,10,3,5,inf,inf,0.0,0.644644021987915,0.3101,3.5745,0.4822,0.2554,0.0005,0.0058,0.0006,0.0082,0.0042,0.2049,0.0082,0.4995,VarianceParTree,zelnik5_y.zip
2,10,3,5,inf,inf,0.1,0.5392656326293945,0.3101,3.5745,0.4822,0.2554,0.0005,0.0058,0.0006,0.0082,0.0042,0.2049,0.0082,0.4995,VarianceParTree,zelnik5_y.zip
2,10,3,5,inf,inf,0.2,0.5191159248352051,0.3101,3.5745,0.4822,0.2554,0.0005,0.0058,0.0006,0.0082,0.0042,0.2049,0.0082,0.4995,VarianceParTree,zelnik5_y.zip
2,12,30,50,1000.0,100.0,0.0,0.6985921859741211,0.3008,266.113,1.3173,0.7282,0.3522,0.5629,0.4419,0.446,0.4075,0.4925,0.446,0.545,VarianceParTree,zelnik5_y.zip
2,12,30,50,1000.0,100.0,0.1,0.8040363788604736,0.3008,266.113,1.3173,0.7282,0.3522,0.5629,0.4419,0.446,0.4075,0.4925,0.446,0.545,VarianceParTree,zelnik5_y.zip
2,12,30,50,1000.0,100.0,0.2,0.6891112327575684,0.3008,266.113,1.3173,0.7282,0.3522,0.5629,0.4419,0.446,0.4075,0.4925,0.446,0.545,VarianceParTree,zelnik5_y.zip
2,12,30,50,1000.0,20.0,0.0,0.683539628982544,0.3008,266.113,1.3173,0.7282,0.3522,0.5629,0.4419,0.446,0.4075,0.4925,0.446,0.545,VarianceParTree,zelnik5_y.zip
2,12,30,50,1000.0,20.0,0.1,0.8467817306518555,0.3008,266.113,1.3173,0.7282,0.3522,0.5629,0.4419,0.446,0.4075,0.4925,0.446,0.545,VarianceParTree,zelnik5_y.zip
2,12,30,50,1000.0,20.0,0.2,0.7065510749816895,0.3008,266.113,1.3173,0.7282,0.3522,0.5629,0.4419,0.446,0.4075,0.4925,0.446,0.545,VarianceParTree,zelnik5_y.zip
2,12,30,50,1000.0,inf,0.0,0.5451450347900391,0.3101,3.5745,0.4822,0.2554,0.0005,0.0058,0.0006,0.0082,0.0042,0.2049,0.0082,0.4995,VarianceParTree,zelnik5_y.zip
2,12,30,50,1000.0,inf,0.1,0.5354640483856201,0.3101,3.5745,0.4822,0.2554,0.0005,0.0058,0.0006,0.0082,0.0042,0.2049,0.0082,0.4995,VarianceParTree,zelnik5_y.zip
2,12,30,50,1000.0,inf,0.2,0.5458564758300781,0.3101,3.5745,0.4822,0.2554,0.0005,0.0058,0.0006,0.0082,0.0042,0.2049,0.0082,0.4995,VarianceParTree,zelnik5_y.zip
2,12,30,50,100.0,20.0,0.0,0.1774916648864746,0.2981,263.1403,1.3249,0.7252,0.3469,0.5571,0.4377,0.4418,0.4033,0.4886,0.4418,0.5419,VarianceParTree,zelnik5_y.zip
2,12,30,50,100.0,20.0,0.1,0.1732287406921386,0.2981,263.1403,1.3249,0.7252,0.3469,0.5571,0.4377,0.4418,0.4033,0.4886,0.4418,0.5419,VarianceParTree,zelnik5_y.zip
2,12,30,50,100.0,20.0,0.2,0.1711432933807373,0.2981,263.1403,1.3249,0.7252,0.3469,0.5571,0.4377,0.4418,0.4033,0.4886,0.4418,0.5419,VarianceParTree,zelnik5_y.zip
2,12,30,50,inf,100.0,0.0,0.7035877704620361,0.3008,266.113,1.3173,0.7282,0.3522,0.5629,0.4419,0.446,0.4075,0.4925,0.446,0.545,VarianceParTree,zelnik5_y.zip
2,12,30,50,inf,100.0,0.1,0.6973645687103271,0.3008,266.113,1.3173,0.7282,0.3522,0.5629,0.4419,0.446,0.4075,0.4925,0.446,0.545,VarianceParTree,zelnik5_y.zip
2,12,30,50,inf,100.0,0.2,0.8161544799804688,0.3008,266.113,1.3173,0.7282,0.3522,0.5629,0.4419,0.446,0.4075,0.4925,0.446,0.545,VarianceParTree,zelnik5_y.zip
2,12,30,50,inf,20.0,0.0,0.6858537197113037,0.3008,266.113,1.3173,0.7282,0.3522,0.5629,0.4419,0.446,0.4075,0.4925,0.446,0.545,VarianceParTree,zelnik5_y.zip
2,12,30,50,inf,20.0,0.1,0.7088160514831543,0.3008,266.113,1.3173,0.7282,0.3522,0.5629,0.4419,0.446,0.4075,0.4925,0.446,0.545,VarianceParTree,zelnik5_y.zip
2,12,30,50,inf,20.0,0.2,0.8156301975250244,0.3008,266.113,1.3173,0.7282,0.3522,0.5629,0.4419,0.446,0.4075,0.4925,0.446,0.545,VarianceParTree,zelnik5_y.zip
2,12,30,50,inf,inf,0.0,0.5457329750061035,0.3101,3.5745,0.4822,0.2554,0.0005,0.0058,0.0006,0.0082,0.0042,0.2049,0.0082,0.4995,VarianceParTree,zelnik5_y.zip
2,12,30,50,inf,inf,0.1,0.6503663063049316,0.3101,3.5745,0.4822,0.2554,0.0005,0.0058,0.0006,0.0082,0.0042,0.2049,0.0082,0.4995,VarianceParTree,zelnik5_y.zip
2,12,30,50,inf,inf,0.2,0.5349457263946533,0.3101,3.5745,0.4822,0.2554,0.0005,0.0058,0.0006,0.0082,0.0042,0.2049,0.0082,0.4995,VarianceParTree,zelnik5_y.zip
2,12,30,5,1000.0,100.0,0.0,0.7138912677764893,0.3008,266.113,1.3173,0.7282,0.3522,0.5629,0.4419,0.446,0.4075,0.4925,0.446,0.545,VarianceParTree,zelnik5_y.zip
2,12,30,5,1000.0,100.0,0.1,0.8243985176086426,0.3008,266.113,1.3173,0.7282,0.3522,0.5629,0.4419,0.446,0.4075,0.4925,0.446,0.545,VarianceParTree,zelnik5_y.zip
2,12,30,5,1000.0,100.0,0.2,0.7012534141540527,0.3008,266.113,1.3173,0.7282,0.3522,0.5629,0.4419,0.446,0.4075,0.4925,0.446,0.545,VarianceParTree,zelnik5_y.zip
2,12,30,5,1000.0,20.0,0.0,0.85512375831604,0.3008,266.113,1.3173,0.7282,0.3522,0.5629,0.4419,0.446,0.4075,0.4925,0.446,0.545,VarianceParTree,zelnik5_y.zip
2,12,30,5,1000.0,20.0,0.1,0.7090797424316406,0.3008,266.113,1.3173,0.7282,0.3522,0.5629,0.4419,0.446,0.4075,0.4925,0.446,0.545,VarianceParTree,zelnik5_y.zip
2,12,30,5,1000.0,20.0,0.2,0.6866295337677002,0.3008,266.113,1.3173,0.7282,0.3522,0.5629,0.4419,0.446,0.4075,0.4925,0.446,0.545,VarianceParTree,zelnik5_y.zip
2,12,30,5,1000.0,inf,0.0,0.5462303161621094,0.3101,3.5745,0.4822,0.2554,0.0005,0.0058,0.0006,0.0082,0.0042,0.2049,0.0082,0.4995,VarianceParTree,zelnik5_y.zip
2,12,30,5,1000.0,inf,0.1,0.5430953502655029,0.3101,3.5745,0.4822,0.2554,0.0005,0.0058,0.0006,0.0082,0.0042,0.2049,0.0082,0.4995,VarianceParTree,zelnik5_y.zip
2,12,30,5,1000.0,inf,0.2,0.5251145362854004,0.3101,3.5745,0.4822,0.2554,0.0005,0.0058,0.0006,0.0082,0.0042,0.2049,0.0082,0.4995,VarianceParTree,zelnik5_y.zip
2,12,30,5,100.0,20.0,0.0,0.1728506088256836,0.2981,263.1403,1.3249,0.7252,0.3469,0.5571,0.4377,0.4418,0.4033,0.4886,0.4418,0.5419,VarianceParTree,zelnik5_y.zip
2,12,30,5,100.0,20.0,0.1,0.1742637157440185,0.2981,263.1403,1.3249,0.7252,0.3469,0.5571,0.4377,0.4418,0.4033,0.4886,0.4418,0.5419,VarianceParTree,zelnik5_y.zip
2,12,30,5,100.0,20.0,0.2,0.1718566417694091,0.2981,263.1403,1.3249,0.7252,0.3469,0.5571,0.4377,0.4418,0.4033,0.4886,0.4418,0.5419,VarianceParTree,zelnik5_y.zip
2,12,30,5,inf,100.0,0.0,0.7186374664306641,0.3008,266.113,1.3173,0.7282,0.3522,0.5629,0.4419,0.446,0.4075,0.4925,0.446,0.545,VarianceParTree,zelnik5_y.zip
2,12,30,5,inf,100.0,0.1,0.6763882637023926,0.3008,266.113,1.3173,0.7282,0.3522,0.5629,0.4419,0.446,0.4075,0.4925,0.446,0.545,VarianceParTree,zelnik5_y.zip
2,12,30,5,inf,100.0,0.2,0.8266894817352295,0.3008,266.113,1.3173,0.7282,0.3522,0.5629,0.4419,0.446,0.4075,0.4925,0.446,0.545,VarianceParTree,zelnik5_y.zip
2,12,30,5,inf,20.0,0.0,0.7183074951171875,0.3008,266.113,1.3173,0.7282,0.3522,0.5629,0.4419,0.446,0.4075,0.4925,0.446,0.545,VarianceParTree,zelnik5_y.zip
2,12,30,5,inf,20.0,0.1,0.7029581069946289,0.3008,266.113,1.3173,0.7282,0.3522,0.5629,0.4419,0.446,0.4075,0.4925,0.446,0.545,VarianceParTree,zelnik5_y.zip
2,12,30,5,inf,20.0,0.2,0.8208873271942139,0.3008,266.113,1.3173,0.7282,0.3522,0.5629,0.4419,0.446,0.4075,0.4925,0.446,0.545,VarianceParTree,zelnik5_y.zip
2,12,30,5,inf,inf,0.0,0.5427062511444092,0.3101,3.5745,0.4822,0.2554,0.0005,0.0058,0.0006,0.0082,0.0042,0.2049,0.0082,0.4995,VarianceParTree,zelnik5_y.zip
2,12,30,5,inf,inf,0.1,0.6709222793579102,0.3101,3.5745,0.4822,0.2554,0.0005,0.0058,0.0006,0.0082,0.0042,0.2049,0.0082,0.4995,VarianceParTree,zelnik5_y.zip
2,12,30,5,inf,inf,0.2,0.5266485214233398,0.3101,3.5745,0.4822,0.2554,0.0005,0.0058,0.0006,0.0082,0.0042,0.2049,0.0082,0.4995,VarianceParTree,zelnik5_y.zip
2,12,3,50,1000.0,100.0,0.0,0.8060753345489502,0.3008,266.113,1.3173,0.7282,0.3522,0.5629,0.4419,0.446,0.4075,0.4925,0.446,0.545,VarianceParTree,zelnik5_y.zip
2,12,3,50,1000.0,100.0,0.1,0.6878740787506104,0.3008,266.113,1.3173,0.7282,0.3522,0.5629,0.4419,0.446,0.4075,0.4925,0.446,0.545,VarianceParTree,zelnik5_y.zip
2,12,3,50,1000.0,100.0,0.2,0.6943063735961914,0.3008,266.113,1.3173,0.7282,0.3522,0.5629,0.4419,0.446,0.4075,0.4925,0.446,0.545,VarianceParTree,zelnik5_y.zip
2,12,3,50,1000.0,20.0,0.0,0.8124783039093018,0.3008,266.113,1.3173,0.7282,0.3522,0.5629,0.4419,0.446,0.4075,0.4925,0.446,0.545,VarianceParTree,zelnik5_y.zip
2,12,3,50,1000.0,20.0,0.1,0.6756246089935303,0.3008,266.113,1.3173,0.7282,0.3522,0.5629,0.4419,0.446,0.4075,0.4925,0.446,0.545,VarianceParTree,zelnik5_y.zip
2,12,3,50,1000.0,20.0,0.2,0.6775088310241699,0.3008,266.113,1.3173,0.7282,0.3522,0.5629,0.4419,0.446,0.4075,0.4925,0.446,0.545,VarianceParTree,zelnik5_y.zip
2,12,3,50,1000.0,inf,0.0,0.5433468818664551,0.3101,3.5745,0.4822,0.2554,0.0005,0.0058,0.0006,0.0082,0.0042,0.2049,0.0082,0.4995,VarianceParTree,zelnik5_y.zip
2,12,3,50,1000.0,inf,0.1,0.5265612602233887,0.3101,3.5745,0.4822,0.2554,0.0005,0.0058,0.0006,0.0082,0.0042,0.2049,0.0082,0.4995,VarianceParTree,zelnik5_y.zip
2,12,3,50,1000.0,inf,0.2,0.5541791915893555,0.3101,3.5745,0.4822,0.2554,0.0005,0.0058,0.0006,0.0082,0.0042,0.2049,0.0082,0.4995,VarianceParTree,zelnik5_y.zip
2,12,3,50,100.0,20.0,0.0,0.1698455810546875,0.2981,263.1403,1.3249,0.7252,0.3469,0.5571,0.4377,0.4418,0.4033,0.4886,0.4418,0.5419,VarianceParTree,zelnik5_y.zip
2,12,3,50,100.0,20.0,0.1,0.1789727210998535,0.2981,263.1403,1.3249,0.7252,0.3469,0.5571,0.4377,0.4418,0.4033,0.4886,0.4418,0.5419,VarianceParTree,zelnik5_y.zip
2,12,3,50,100.0,20.0,0.2,0.181551456451416,0.2981,263.1403,1.3249,0.7252,0.3469,0.5571,0.4377,0.4418,0.4033,0.4886,0.4418,0.5419,VarianceParTree,zelnik5_y.zip
2,12,3,50,inf,100.0,0.0,0.6721372604370117,0.3008,266.113,1.3173,0.7282,0.3522,0.5629,0.4419,0.446,0.4075,0.4925,0.446,0.545,VarianceParTree,zelnik5_y.zip
2,12,3,50,inf,100.0,0.1,0.7064399719238281,0.3008,266.113,1.3173,0.7282,0.3522,0.5629,0.4419,0.446,0.4075,0.4925,0.446,0.545,VarianceParTree,zelnik5_y.zip
2,12,3,50,inf,100.0,0.2,0.8277363777160645,0.3008,266.113,1.3173,0.7282,0.3522,0.5629,0.4419,0.446,0.4075,0.4925,0.446,0.545,VarianceParTree,zelnik5_y.zip
2,12,3,50,inf,20.0,0.0,0.7151758670806885,0.3008,266.113,1.3173,0.7282,0.3522,0.5629,0.4419,0.446,0.4075,0.4925,0.446,0.545,VarianceParTree,zelnik5_y.zip
2,12,3,50,inf,20.0,0.1,0.8302962779998779,0.3008,266.113,1.3173,0.7282,0.3522,0.5629,0.4419,0.446,0.4075,0.4925,0.446,0.545,VarianceParTree,zelnik5_y.zip
2,12,3,50,inf,20.0,0.2,0.6999046802520752,0.3008,266.113,1.3173,0.7282,0.3522,0.5629,0.4419,0.446,0.4075,0.4925,0.446,0.545,VarianceParTree,zelnik5_y.zip
2,12,3,50,inf,inf,0.0,0.5453658103942871,0.3101,3.5745,0.4822,0.2554,0.0005,0.0058,0.0006,0.0082,0.0042,0.2049,0.0082,0.4995,VarianceParTree,zelnik5_y.zip
2,12,3,50,inf,inf,0.1,0.6535129547119141,0.3101,3.5745,0.4822,0.2554,0.0005,0.0058,0.0006,0.0082,0.0042,0.2049,0.0082,0.4995,VarianceParTree,zelnik5_y.zip
2,12,3,50,inf,inf,0.2,0.5441925525665283,0.3101,3.5745,0.4822,0.2554,0.0005,0.0058,0.0006,0.0082,0.0042,0.2049,0.0082,0.4995,VarianceParTree,zelnik5_y.zip
2,12,3,5,1000.0,100.0,0.0,0.704052209854126,0.3008,266.113,1.3173,0.7282,0.3522,0.5629,0.4419,0.446,0.4075,0.4925,0.446,0.545,VarianceParTree,zelnik5_y.zip
2,12,3,5,1000.0,100.0,0.1,0.7677371501922607,0.3008,266.113,1.3173,0.7282,0.3522,0.5629,0.4419,0.446,0.4075,0.4925,0.446,0.545,VarianceParTree,zelnik5_y.zip
2,12,3,5,1000.0,100.0,0.2,0.6974625587463379,0.3008,266.113,1.3173,0.7282,0.3522,0.5629,0.4419,0.446,0.4075,0.4925,0.446,0.545,VarianceParTree,zelnik5_y.zip
2,12,3,5,1000.0,20.0,0.0,0.7511796951293945,0.3008,266.113,1.3173,0.7282,0.3522,0.5629,0.4419,0.446,0.4075,0.4925,0.446,0.545,VarianceParTree,zelnik5_y.zip
2,12,3,5,1000.0,20.0,0.1,0.7228579521179199,0.3008,266.113,1.3173,0.7282,0.3522,0.5629,0.4419,0.446,0.4075,0.4925,0.446,0.545,VarianceParTree,zelnik5_y.zip
2,12,3,5,1000.0,20.0,0.2,0.7350401878356934,0.3008,266.113,1.3173,0.7282,0.3522,0.5629,0.4419,0.446,0.4075,0.4925,0.446,0.545,VarianceParTree,zelnik5_y.zip
2,12,3,5,1000.0,inf,0.0,0.5480279922485352,0.3101,3.5745,0.4822,0.2554,0.0005,0.0058,0.0006,0.0082,0.0042,0.2049,0.0082,0.4995,VarianceParTree,zelnik5_y.zip
2,12,3,5,1000.0,inf,0.1,0.5509414672851562,0.3101,3.5745,0.4822,0.2554,0.0005,0.0058,0.0006,0.0082,0.0042,0.2049,0.0082,0.4995,VarianceParTree,zelnik5_y.zip
2,12,3,5,1000.0,inf,0.2,0.537574052810669,0.3101,3.5745,0.4822,0.2554,0.0005,0.0058,0.0006,0.0082,0.0042,0.2049,0.0082,0.4995,VarianceParTree,zelnik5_y.zip
2,12,3,5,100.0,20.0,0.0,0.169896125793457,0.2981,263.1403,1.3249,0.7252,0.3469,0.5571,0.4377,0.4418,0.4033,0.4886,0.4418,0.5419,VarianceParTree,zelnik5_y.zip
2,12,3,5,100.0,20.0,0.1,0.1705579757690429,0.2981,263.1403,1.3249,0.7252,0.3469,0.5571,0.4377,0.4418,0.4033,0.4886,0.4418,0.5419,VarianceParTree,zelnik5_y.zip
2,12,3,5,100.0,20.0,0.2,0.1776387691497802,0.2981,263.1403,1.3249,0.7252,0.3469,0.5571,0.4377,0.4418,0.4033,0.4886,0.4418,0.5419,VarianceParTree,zelnik5_y.zip
2,12,3,5,inf,100.0,0.0,0.6774866580963135,0.3008,266.113,1.3173,0.7282,0.3522,0.5629,0.4419,0.446,0.4075,0.4925,0.446,0.545,VarianceParTree,zelnik5_y.zip
2,12,3,5,inf,100.0,0.1,0.7078382968902588,0.3008,266.113,1.3173,0.7282,0.3522,0.5629,0.4419,0.446,0.4075,0.4925,0.446,0.545,VarianceParTree,zelnik5_y.zip
2,12,3,5,inf,100.0,0.2,0.8376364707946777,0.3008,266.113,1.3173,0.7282,0.3522,0.5629,0.4419,0.446,0.4075,0.4925,0.446,0.545,VarianceParTree,zelnik5_y.zip
2,12,3,5,inf,20.0,0.0,0.6971089839935303,0.3008,266.113,1.3173,0.7282,0.3522,0.5629,0.4419,0.446,0.4075,0.4925,0.446,0.545,VarianceParTree,zelnik5_y.zip
2,12,3,5,inf,20.0,0.1,0.7108933925628662,0.3008,266.113,1.3173,0.7282,0.3522,0.5629,0.4419,0.446,0.4075,0.4925,0.446,0.545,VarianceParTree,zelnik5_y.zip
2,12,3,5,inf,20.0,0.2,0.8195428848266602,0.3008,266.113,1.3173,0.7282,0.3522,0.5629,0.4419,0.446,0.4075,0.4925,0.446,0.545,VarianceParTree,zelnik5_y.zip
2,12,3,5,inf,inf,0.0,0.534041166305542,0.3101,3.5745,0.4822,0.2554,0.0005,0.0058,0.0006,0.0082,0.0042,0.2049,0.0082,0.4995,VarianceParTree,zelnik5_y.zip
2,12,3,5,inf,inf,0.1,0.6483635902404785,0.3101,3.5745,0.4822,0.2554,0.0005,0.0058,0.0006,0.0082,0.0042,0.2049,0.0082,0.4995,VarianceParTree,zelnik5_y.zip
2,12,3,5,inf,inf,0.2,0.5427818298339844,0.3101,3.5745,0.4822,0.2554,0.0005,0.0058,0.0006,0.0082,0.0042,0.2049,0.0082,0.4995,VarianceParTree,zelnik5_y.zip
2,2,30,50,1000.0,100.0,0.0,0.264704942703247,0.3394,251.819,1.0811,0.6297,0.2861,0.4549,0.4453,0.4469,0.3293,0.6953,0.4469,0.5694,VarianceParTree,zelnik5_y.zip
2,2,30,50,1000.0,100.0,0.1,0.265834093093872,0.3394,251.819,1.0811,0.6297,0.2861,0.4549,0.4453,0.4469,0.3293,0.6953,0.4469,0.5694,VarianceParTree,zelnik5_y.zip
2,2,30,50,1000.0,100.0,0.2,0.2743096351623535,0.3394,251.819,1.0811,0.6297,0.2861,0.4549,0.4453,0.4469,0.3293,0.6953,0.4469,0.5694,VarianceParTree,zelnik5_y.zip
2,2,30,50,1000.0,20.0,0.0,0.2629933357238769,0.3394,251.819,1.0811,0.6297,0.2861,0.4549,0.4453,0.4469,0.3293,0.6953,0.4469,0.5694,VarianceParTree,zelnik5_y.zip
2,2,30,50,1000.0,20.0,0.1,0.2627484798431396,0.3394,251.819,1.0811,0.6297,0.2861,0.4549,0.4453,0.4469,0.3293,0.6953,0.4469,0.5694,VarianceParTree,zelnik5_y.zip
2,2,30,50,1000.0,20.0,0.2,0.2767319679260254,0.3394,251.819,1.0811,0.6297,0.2861,0.4549,0.4453,0.4469,0.3293,0.6953,0.4469,0.5694,VarianceParTree,zelnik5_y.zip
2,2,30,50,1000.0,inf,0.0,0.2599866390228271,0.3202,3.6314,0.4768,0.2532,0.0003,0.0029,0.0003,0.0041,0.0021,0.2044,0.0041,0.5003,VarianceParTree,zelnik5_y.zip
2,2,30,50,1000.0,inf,0.1,0.2612226009368896,0.3202,3.6314,0.4768,0.2532,0.0003,0.0029,0.0003,0.0041,0.0021,0.2044,0.0041,0.5003,VarianceParTree,zelnik5_y.zip
2,2,30,50,1000.0,inf,0.2,0.3873617649078369,0.3202,3.6314,0.4768,0.2532,0.0003,0.0029,0.0003,0.0041,0.0021,0.2044,0.0041,0.5003,VarianceParTree,zelnik5_y.zip
2,2,30,50,100.0,20.0,0.0,0.0624864101409912,0.3352,246.4044,1.0798,0.627,0.2839,0.4532,0.4447,0.4463,0.3281,0.6977,0.4463,0.5694,VarianceParTree,zelnik5_y.zip
2,2,30,50,100.0,20.0,0.1,0.061892032623291,0.3352,246.4044,1.0798,0.627,0.2839,0.4532,0.4447,0.4463,0.3281,0.6977,0.4463,0.5694,VarianceParTree,zelnik5_y.zip
2,2,30,50,100.0,20.0,0.2,0.0623195171356201,0.3352,246.4044,1.0798,0.627,0.2839,0.4532,0.4447,0.4463,0.3281,0.6977,0.4463,0.5694,VarianceParTree,zelnik5_y.zip
2,2,30,50,inf,100.0,0.0,0.2608766555786133,0.3394,251.819,1.0811,0.6297,0.2861,0.4549,0.4453,0.4469,0.3293,0.6953,0.4469,0.5694,VarianceParTree,zelnik5_y.zip
2,2,30,50,inf,100.0,0.1,0.2734658718109131,0.3394,251.819,1.0811,0.6297,0.2861,0.4549,0.4453,0.4469,0.3293,0.6953,0.4469,0.5694,VarianceParTree,zelnik5_y.zip
2,2,30,50,inf,100.0,0.2,0.270637035369873,0.3394,251.819,1.0811,0.6297,0.2861,0.4549,0.4453,0.4469,0.3293,0.6953,0.4469,0.5694,VarianceParTree,zelnik5_y.zip
2,2,30,50,inf,20.0,0.0,0.2784516811370849,0.3394,251.819,1.0811,0.6297,0.2861,0.4549,0.4453,0.4469,0.3293,0.6953,0.4469,0.5694,VarianceParTree,zelnik5_y.zip
2,2,30,50,inf,20.0,0.1,0.2635402679443359,0.3394,251.819,1.0811,0.6297,0.2861,0.4549,0.4453,0.4469,0.3293,0.6953,0.4469,0.5694,VarianceParTree,zelnik5_y.zip
2,2,30,50,inf,20.0,0.2,0.2680346965789795,0.3394,251.819,1.0811,0.6297,0.2861,0.4549,0.4453,0.4469,0.3293,0.6953,0.4469,0.5694,VarianceParTree,zelnik5_y.zip
2,2,30,50,inf,inf,0.0,0.2613739967346191,0.3202,3.6314,0.4768,0.2532,0.0003,0.0029,0.0003,0.0041,0.0021,0.2044,0.0041,0.5003,VarianceParTree,zelnik5_y.zip
2,2,30,50,inf,inf,0.1,0.3902473449707031,0.3202,3.6314,0.4768,0.2532,0.0003,0.0029,0.0003,0.0041,0.0021,0.2044,0.0041,0.5003,VarianceParTree,zelnik5_y.zip
2,2,30,50,inf,inf,0.2,0.2618498802185058,0.3202,3.6314,0.4768,0.2532,0.0003,0.0029,0.0003,0.0041,0.0021,0.2044,0.0041,0.5003,VarianceParTree,zelnik5_y.zip
2,2,30,5,1000.0,100.0,0.0,0.2631773948669433,0.3394,251.819,1.0811,0.6297,0.2861,0.4549,0.4453,0.4469,0.3293,0.6953,0.4469,0.5694,VarianceParTree,zelnik5_y.zip
2,2,30,5,1000.0,100.0,0.1,0.26861572265625,0.3394,251.819,1.0811,0.6297,0.2861,0.4549,0.4453,0.4469,0.3293,0.6953,0.4469,0.5694,VarianceParTree,zelnik5_y.zip
2,2,30,5,1000.0,100.0,0.2,0.2713279724121094,0.3394,251.819,1.0811,0.6297,0.2861,0.4549,0.4453,0.4469,0.3293,0.6953,0.4469,0.5694,VarianceParTree,zelnik5_y.zip
2,2,30,5,1000.0,20.0,0.0,0.2670273780822754,0.3394,251.819,1.0811,0.6297,0.2861,0.4549,0.4453,0.4469,0.3293,0.6953,0.4469,0.5694,VarianceParTree,zelnik5_y.zip
2,2,30,5,1000.0,20.0,0.1,0.2564103603363037,0.3394,251.819,1.0811,0.6297,0.2861,0.4549,0.4453,0.4469,0.3293,0.6953,0.4469,0.5694,VarianceParTree,zelnik5_y.zip
2,2,30,5,1000.0,20.0,0.2,0.2666475772857666,0.3394,251.819,1.0811,0.6297,0.2861,0.4549,0.4453,0.4469,0.3293,0.6953,0.4469,0.5694,VarianceParTree,zelnik5_y.zip
2,2,30,5,1000.0,inf,0.0,0.3951146602630615,0.3202,3.6314,0.4768,0.2532,0.0003,0.0029,0.0003,0.0041,0.0021,0.2044,0.0041,0.5003,VarianceParTree,zelnik5_y.zip
2,2,30,5,1000.0,inf,0.1,0.2783775329589844,0.3202,3.6314,0.4768,0.2532,0.0003,0.0029,0.0003,0.0041,0.0021,0.2044,0.0041,0.5003,VarianceParTree,zelnik5_y.zip
2,2,30,5,1000.0,inf,0.2,0.2604415416717529,0.3202,3.6314,0.4768,0.2532,0.0003,0.0029,0.0003,0.0041,0.0021,0.2044,0.0041,0.5003,VarianceParTree,zelnik5_y.zip
2,2,30,5,100.0,20.0,0.0,0.062626838684082,0.3352,246.4044,1.0798,0.627,0.2839,0.4532,0.4447,0.4463,0.3281,0.6977,0.4463,0.5694,VarianceParTree,zelnik5_y.zip
2,2,30,5,100.0,20.0,0.1,0.0616841316223144,0.3352,246.4044,1.0798,0.627,0.2839,0.4532,0.4447,0.4463,0.3281,0.6977,0.4463,0.5694,VarianceParTree,zelnik5_y.zip
2,2,30,5,100.0,20.0,0.2,0.0624394416809082,0.3352,246.4044,1.0798,0.627,0.2839,0.4532,0.4447,0.4463,0.3281,0.6977,0.4463,0.5694,VarianceParTree,zelnik5_y.zip
2,2,30,5,inf,100.0,0.0,0.2771224975585937,0.3394,251.819,1.0811,0.6297,0.2861,0.4549,0.4453,0.4469,0.3293,0.6953,0.4469,0.5694,VarianceParTree,zelnik5_y.zip
2,2,30,5,inf,100.0,0.1,0.2708592414855957,0.3394,251.819,1.0811,0.6297,0.2861,0.4549,0.4453,0.4469,0.3293,0.6953,0.4469,0.5694,VarianceParTree,zelnik5_y.zip
2,2,30,5,inf,100.0,0.2,0.2709860801696777,0.3394,251.819,1.0811,0.6297,0.2861,0.4549,0.4453,0.4469,0.3293,0.6953,0.4469,0.5694,VarianceParTree,zelnik5_y.zip
2,2,30,5,inf,20.0,0.0,0.2560985088348388,0.3394,251.819,1.0811,0.6297,0.2861,0.4549,0.4453,0.4469,0.3293,0.6953,0.4469,0.5694,VarianceParTree,zelnik5_y.zip
2,2,30,5,inf,20.0,0.1,0.2723033428192138,0.3394,251.819,1.0811,0.6297,0.2861,0.4549,0.4453,0.4469,0.3293,0.6953,0.4469,0.5694,VarianceParTree,zelnik5_y.zip
2,2,30,5,inf,20.0,0.2,0.2608137130737304,0.3394,251.819,1.0811,0.6297,0.2861,0.4549,0.4453,0.4469,0.3293,0.6953,0.4469,0.5694,VarianceParTree,zelnik5_y.zip
2,2,30,5,inf,inf,0.0,0.3943250179290771,0.3202,3.6314,0.4768,0.2532,0.0003,0.0029,0.0003,0.0041,0.0021,0.2044,0.0041,0.5003,VarianceParTree,zelnik5_y.zip
2,2,30,5,inf,inf,0.1,0.2701795101165771,0.3202,3.6314,0.4768,0.2532,0.0003,0.0029,0.0003,0.0041,0.0021,0.2044,0.0041,0.5003,VarianceParTree,zelnik5_y.zip
2,2,30,5,inf,inf,0.2,0.266721248626709,0.3202,3.6314,0.4768,0.2532,0.0003,0.0029,0.0003,0.0041,0.0021,0.2044,0.0041,0.5003,VarianceParTree,zelnik5_y.zip
2,2,3,50,1000.0,100.0,0.0,0.2728235721588135,0.3394,251.819,1.0811,0.6297,0.2861,0.4549,0.4453,0.4469,0.3293,0.6953,0.4469,0.5694,VarianceParTree,zelnik5_y.zip
2,2,3,50,1000.0,100.0,0.1,0.2732384204864502,0.3394,251.819,1.0811,0.6297,0.2861,0.4549,0.4453,0.4469,0.3293,0.6953,0.4469,0.5694,VarianceParTree,zelnik5_y.zip
2,2,3,50,1000.0,100.0,0.2,0.2704846858978271,0.3394,251.819,1.0811,0.6297,0.2861,0.4549,0.4453,0.4469,0.3293,0.6953,0.4469,0.5694,VarianceParTree,zelnik5_y.zip
2,2,3,50,1000.0,20.0,0.0,0.2694246768951416,0.3394,251.819,1.0811,0.6297,0.2861,0.4549,0.4453,0.4469,0.3293,0.6953,0.4469,0.5694,VarianceParTree,zelnik5_y.zip
2,2,3,50,1000.0,20.0,0.1,0.2724754810333252,0.3394,251.819,1.0811,0.6297,0.2861,0.4549,0.4453,0.4469,0.3293,0.6953,0.4469,0.5694,VarianceParTree,zelnik5_y.zip
2,2,3,50,1000.0,20.0,0.2,0.2697370052337646,0.3394,251.819,1.0811,0.6297,0.2861,0.4549,0.4453,0.4469,0.3293,0.6953,0.4469,0.5694,VarianceParTree,zelnik5_y.zip
2,2,3,50,1000.0,inf,0.0,0.2681100368499756,0.3202,3.6314,0.4768,0.2532,0.0003,0.0029,0.0003,0.0041,0.0021,0.2044,0.0041,0.5003,VarianceParTree,zelnik5_y.zip
2,2,3,50,1000.0,inf,0.1,0.2694535255432129,0.3202,3.6314,0.4768,0.2532,0.0003,0.0029,0.0003,0.0041,0.0021,0.2044,0.0041,0.5003,VarianceParTree,zelnik5_y.zip
2,2,3,50,1000.0,inf,0.2,0.2698643207550049,0.3202,3.6314,0.4768,0.2532,0.0003,0.0029,0.0003,0.0041,0.0021,0.2044,0.0041,0.5003,VarianceParTree,zelnik5_y.zip
2,2,3,50,100.0,20.0,0.0,0.0624318122863769,0.3352,246.4044,1.0798,0.627,0.2839,0.4532,0.4447,0.4463,0.3281,0.6977,0.4463,0.5694,VarianceParTree,zelnik5_y.zip
2,2,3,50,100.0,20.0,0.1,0.0643196105957031,0.3352,246.4044,1.0798,0.627,0.2839,0.4532,0.4447,0.4463,0.3281,0.6977,0.4463,0.5694,VarianceParTree,zelnik5_y.zip
2,2,3,50,100.0,20.0,0.2,0.0610547065734863,0.3352,246.4044,1.0798,0.627,0.2839,0.4532,0.4447,0.4463,0.3281,0.6977,0.4463,0.5694,VarianceParTree,zelnik5_y.zip
2,2,3,50,inf,100.0,0.0,0.268310546875,0.3394,251.819,1.0811,0.6297,0.2861,0.4549,0.4453,0.4469,0.3293,0.6953,0.4469,0.5694,VarianceParTree,zelnik5_y.zip
2,2,3,50,inf,100.0,0.1,0.2880237102508545,0.3394,251.819,1.0811,0.6297,0.2861,0.4549,0.4453,0.4469,0.3293,0.6953,0.4469,0.5694,VarianceParTree,zelnik5_y.zip
2,2,3,50,inf,100.0,0.2,0.3955771923065185,0.3394,251.819,1.0811,0.6297,0.2861,0.4549,0.4453,0.4469,0.3293,0.6953,0.4469,0.5694,VarianceParTree,zelnik5_y.zip
2,2,3,50,inf,20.0,0.0,0.2650151252746582,0.3394,251.819,1.0811,0.6297,0.2861,0.4549,0.4453,0.4469,0.3293,0.6953,0.4469,0.5694,VarianceParTree,zelnik5_y.zip
2,2,3,50,inf,20.0,0.1,0.2646763324737549,0.3394,251.819,1.0811,0.6297,0.2861,0.4549,0.4453,0.4469,0.3293,0.6953,0.4469,0.5694,VarianceParTree,zelnik5_y.zip
2,2,3,50,inf,20.0,0.2,0.2697575092315674,0.3394,251.819,1.0811,0.6297,0.2861,0.4549,0.4453,0.4469,0.3293,0.6953,0.4469,0.5694,VarianceParTree,zelnik5_y.zip
2,2,3,50,inf,inf,0.0,0.2709321975708008,0.3202,3.6314,0.4768,0.2532,0.0003,0.0029,0.0003,0.0041,0.0021,0.2044,0.0041,0.5003,VarianceParTree,zelnik5_y.zip
2,2,3,50,inf,inf,0.1,0.2837767601013183,0.3202,3.6314,0.4768,0.2532,0.0003,0.0029,0.0003,0.0041,0.0021,0.2044,0.0041,0.5003,VarianceParTree,zelnik5_y.zip
2,2,3,50,inf,inf,0.2,0.268247127532959,0.3202,3.6314,0.4768,0.2532,0.0003,0.0029,0.0003,0.0041,0.0021,0.2044,0.0041,0.5003,VarianceParTree,zelnik5_y.zip
2,2,3,5,1000.0,100.0,0.0,0.2640841007232666,0.3394,251.819,1.0811,0.6297,0.2861,0.4549,0.4453,0.4469,0.3293,0.6953,0.4469,0.5694,VarianceParTree,zelnik5_y.zip
2,2,3,5,1000.0,100.0,0.1,0.2725906372070312,0.3394,251.819,1.0811,0.6297,0.2861,0.4549,0.4453,0.4469,0.3293,0.6953,0.4469,0.5694,VarianceParTree,zelnik5_y.zip
2,2,3,5,1000.0,100.0,0.2,0.2649073600769043,0.3394,251.819,1.0811,0.6297,0.2861,0.4549,0.4453,0.4469,0.3293,0.6953,0.4469,0.5694,VarianceParTree,zelnik5_y.zip
2,2,3,5,1000.0,20.0,0.0,0.3070032596588135,0.3394,251.819,1.0811,0.6297,0.2861,0.4549,0.4453,0.4469,0.3293,0.6953,0.4469,0.5694,VarianceParTree,zelnik5_y.zip
2,2,3,5,1000.0,20.0,0.1,0.2645590305328369,0.3394,251.819,1.0811,0.6297,0.2861,0.4549,0.4453,0.4469,0.3293,0.6953,0.4469,0.5694,VarianceParTree,zelnik5_y.zip
2,2,3,5,1000.0,20.0,0.2,0.2664105892181396,0.3394,251.819,1.0811,0.6297,0.2861,0.4549,0.4453,0.4469,0.3293,0.6953,0.4469,0.5694,VarianceParTree,zelnik5_y.zip
2,2,3,5,1000.0,inf,0.0,0.2684166431427002,0.3202,3.6314,0.4768,0.2532,0.0003,0.0029,0.0003,0.0041,0.0021,0.2044,0.0041,0.5003,VarianceParTree,zelnik5_y.zip
2,2,3,5,1000.0,inf,0.1,0.2699882984161377,0.3202,3.6314,0.4768,0.2532,0.0003,0.0029,0.0003,0.0041,0.0021,0.2044,0.0041,0.5003,VarianceParTree,zelnik5_y.zip
2,2,3,5,1000.0,inf,0.2,0.258854866027832,0.3202,3.6314,0.4768,0.2532,0.0003,0.0029,0.0003,0.0041,0.0021,0.2044,0.0041,0.5003,VarianceParTree,zelnik5_y.zip
2,2,3,5,100.0,20.0,0.0,0.0645289421081543,0.3352,246.4044,1.0798,0.627,0.2839,0.4532,0.4447,0.4463,0.3281,0.6977,0.4463,0.5694,VarianceParTree,zelnik5_y.zip
2,2,3,5,100.0,20.0,0.1,0.0625522136688232,0.3352,246.4044,1.0798,0.627,0.2839,0.4532,0.4447,0.4463,0.3281,0.6977,0.4463,0.5694,VarianceParTree,zelnik5_y.zip
2,2,3,5,100.0,20.0,0.2,0.063974380493164,0.3352,246.4044,1.0798,0.627,0.2839,0.4532,0.4447,0.4463,0.3281,0.6977,0.4463,0.5694,VarianceParTree,zelnik5_y.zip
2,2,3,5,inf,100.0,0.0,0.2624082565307617,0.3394,251.819,1.0811,0.6297,0.2861,0.4549,0.4453,0.4469,0.3293,0.6953,0.4469,0.5694,VarianceParTree,zelnik5_y.zip
2,2,3,5,inf,100.0,0.1,0.2691307067871094,0.3394,251.819,1.0811,0.6297,0.2861,0.4549,0.4453,0.4469,0.3293,0.6953,0.4469,0.5694,VarianceParTree,zelnik5_y.zip
2,2,3,5,inf,100.0,0.2,0.2562999725341797,0.3394,251.819,1.0811,0.6297,0.2861,0.4549,0.4453,0.4469,0.3293,0.6953,0.4469,0.5694,VarianceParTree,zelnik5_y.zip
2,2,3,5,inf,20.0,0.0,0.269176721572876,0.3394,251.819,1.0811,0.6297,0.2861,0.4549,0.4453,0.4469,0.3293,0.6953,0.4469,0.5694,VarianceParTree,zelnik5_y.zip
2,2,3,5,inf,20.0,0.1,0.2694580554962158,0.3394,251.819,1.0811,0.6297,0.2861,0.4549,0.4453,0.4469,0.3293,0.6953,0.4469,0.5694,VarianceParTree,zelnik5_y.zip
2,2,3,5,inf,20.0,0.2,0.2627830505371094,0.3394,251.819,1.0811,0.6297,0.2861,0.4549,0.4453,0.4469,0.3293,0.6953,0.4469,0.5694,VarianceParTree,zelnik5_y.zip
2,2,3,5,inf,inf,0.0,0.2698884010314941,0.3202,3.6314,0.4768,0.2532,0.0003,0.0029,0.0003,0.0041,0.0021,0.2044,0.0041,0.5003,VarianceParTree,zelnik5_y.zip
2,2,3,5,inf,inf,0.1,0.2572460174560547,0.3202,3.6314,0.4768,0.2532,0.0003,0.0029,0.0003,0.0041,0.0021,0.2044,0.0041,0.5003,VarianceParTree,zelnik5_y.zip
2,2,3,5,inf,inf,0.2,0.3914365768432617,0.3202,3.6314,0.4768,0.2532,0.0003,0.0029,0.0003,0.0041,0.0021,0.2044,0.0041,0.5003,VarianceParTree,zelnik5_y.zip
2,4,30,50,1000.0,100.0,0.0,0.7393288612365723,0.3008,266.113,1.3173,0.7282,0.3522,0.5629,0.4419,0.446,0.4075,0.4925,0.446,0.545,VarianceParTree,zelnik5_y.zip
2,4,30,50,1000.0,100.0,0.1,0.8149616718292236,0.3008,266.113,1.3173,0.7282,0.3522,0.5629,0.4419,0.446,0.4075,0.4925,0.446,0.545,VarianceParTree,zelnik5_y.zip
2,4,30,50,1000.0,100.0,0.2,0.701728105545044,0.3008,266.113,1.3173,0.7282,0.3522,0.5629,0.4419,0.446,0.4075,0.4925,0.446,0.545,VarianceParTree,zelnik5_y.zip
2,4,30,50,1000.0,20.0,0.0,0.67643141746521,0.3008,266.113,1.3173,0.7282,0.3522,0.5629,0.4419,0.446,0.4075,0.4925,0.446,0.545,VarianceParTree,zelnik5_y.zip
2,4,30,50,1000.0,20.0,0.1,0.8223299980163574,0.3008,266.113,1.3173,0.7282,0.3522,0.5629,0.4419,0.446,0.4075,0.4925,0.446,0.545,VarianceParTree,zelnik5_y.zip
2,4,30,50,1000.0,20.0,0.2,0.6888377666473389,0.3008,266.113,1.3173,0.7282,0.3522,0.5629,0.4419,0.446,0.4075,0.4925,0.446,0.545,VarianceParTree,zelnik5_y.zip
2,4,30,50,1000.0,inf,0.0,0.5301358699798584,0.3101,3.5745,0.4822,0.2554,0.0005,0.0058,0.0006,0.0082,0.0042,0.2049,0.0082,0.4995,VarianceParTree,zelnik5_y.zip
2,4,30,50,1000.0,inf,0.1,0.5156373977661133,0.3101,3.5745,0.4822,0.2554,0.0005,0.0058,0.0006,0.0082,0.0042,0.2049,0.0082,0.4995,VarianceParTree,zelnik5_y.zip
2,4,30,50,1000.0,inf,0.2,0.5269548892974854,0.3101,3.5745,0.4822,0.2554,0.0005,0.0058,0.0006,0.0082,0.0042,0.2049,0.0082,0.4995,VarianceParTree,zelnik5_y.zip
2,4,30,50,100.0,20.0,0.0,0.1768391132354736,0.2981,263.1403,1.3249,0.7252,0.3469,0.5571,0.4377,0.4418,0.4033,0.4886,0.4418,0.5419,VarianceParTree,zelnik5_y.zip
2,4,30,50,100.0,20.0,0.1,0.1751384735107422,0.2981,263.1403,1.3249,0.7252,0.3469,0.5571,0.4377,0.4418,0.4033,0.4886,0.4418,0.5419,VarianceParTree,zelnik5_y.zip
2,4,30,50,100.0,20.0,0.2,0.1805720329284668,0.2981,263.1403,1.3249,0.7252,0.3469,0.5571,0.4377,0.4418,0.4033,0.4886,0.4418,0.5419,VarianceParTree,zelnik5_y.zip
2,4,30,50,inf,100.0,0.0,0.6891570091247559,0.3008,266.113,1.3173,0.7282,0.3522,0.5629,0.4419,0.446,0.4075,0.4925,0.446,0.545,VarianceParTree,zelnik5_y.zip
2,4,30,50,inf,100.0,0.1,0.7118561267852783,0.3008,266.113,1.3173,0.7282,0.3522,0.5629,0.4419,0.446,0.4075,0.4925,0.446,0.545,VarianceParTree,zelnik5_y.zip
2,4,30,50,inf,100.0,0.2,0.8471009731292725,0.3008,266.113,1.3173,0.7282,0.3522,0.5629,0.4419,0.446,0.4075,0.4925,0.446,0.545,VarianceParTree,zelnik5_y.zip
2,4,30,50,inf,20.0,0.0,0.7084131240844727,0.3008,266.113,1.3173,0.7282,0.3522,0.5629,0.4419,0.446,0.4075,0.4925,0.446,0.545,VarianceParTree,zelnik5_y.zip
2,4,30,50,inf,20.0,0.1,0.6914989948272705,0.3008,266.113,1.3173,0.7282,0.3522,0.5629,0.4419,0.446,0.4075,0.4925,0.446,0.545,VarianceParTree,zelnik5_y.zip
2,4,30,50,inf,20.0,0.2,0.8581802845001221,0.3008,266.113,1.3173,0.7282,0.3522,0.5629,0.4419,0.446,0.4075,0.4925,0.446,0.545,VarianceParTree,zelnik5_y.zip
2,4,30,50,inf,inf,0.0,0.5407018661499023,0.3101,3.5745,0.4822,0.2554,0.0005,0.0058,0.0006,0.0082,0.0042,0.2049,0.0082,0.4995,VarianceParTree,zelnik5_y.zip
2,4,30,50,inf,inf,0.1,0.5281870365142822,0.3101,3.5745,0.4822,0.2554,0.0005,0.0058,0.0006,0.0082,0.0042,0.2049,0.0082,0.4995,VarianceParTree,zelnik5_y.zip
2,4,30,50,inf,inf,0.2,0.6642434597015381,0.3101,3.5745,0.4822,0.2554,0.0005,0.0058,0.0006,0.0082,0.0042,0.2049,0.0082,0.4995,VarianceParTree,zelnik5_y.zip
2,4,30,5,1000.0,100.0,0.0,0.6861093044281006,0.3008,266.113,1.3173,0.7282,0.3522,0.5629,0.4419,0.446,0.4075,0.4925,0.446,0.545,VarianceParTree,zelnik5_y.zip
2,4,30,5,1000.0,100.0,0.1,0.8329887390136719,0.3008,266.113,1.3173,0.7282,0.3522,0.5629,0.4419,0.446,0.4075,0.4925,0.446,0.545,VarianceParTree,zelnik5_y.zip
2,4,30,5,1000.0,100.0,0.2,0.7016968727111816,0.3008,266.113,1.3173,0.7282,0.3522,0.5629,0.4419,0.446,0.4075,0.4925,0.446,0.545,VarianceParTree,zelnik5_y.zip
2,4,30,5,1000.0,20.0,0.0,0.8565728664398193,0.3008,266.113,1.3173,0.7282,0.3522,0.5629,0.4419,0.446,0.4075,0.4925,0.446,0.545,VarianceParTree,zelnik5_y.zip
2,4,30,5,1000.0,20.0,0.1,0.7149884700775146,0.3008,266.113,1.3173,0.7282,0.3522,0.5629,0.4419,0.446,0.4075,0.4925,0.446,0.545,VarianceParTree,zelnik5_y.zip
2,4,30,5,1000.0,20.0,0.2,0.7079119682312012,0.3008,266.113,1.3173,0.7282,0.3522,0.5629,0.4419,0.446,0.4075,0.4925,0.446,0.545,VarianceParTree,zelnik5_y.zip
2,4,30,5,1000.0,inf,0.0,0.5294644832611084,0.3101,3.5745,0.4822,0.2554,0.0005,0.0058,0.0006,0.0082,0.0042,0.2049,0.0082,0.4995,VarianceParTree,zelnik5_y.zip
2,4,30,5,1000.0,inf,0.1,0.5384128093719482,0.3101,3.5745,0.4822,0.2554,0.0005,0.0058,0.0006,0.0082,0.0042,0.2049,0.0082,0.4995,VarianceParTree,zelnik5_y.zip
2,4,30,5,1000.0,inf,0.2,0.5329456329345703,0.3101,3.5745,0.4822,0.2554,0.0005,0.0058,0.0006,0.0082,0.0042,0.2049,0.0082,0.4995,VarianceParTree,zelnik5_y.zip
2,4,30,5,100.0,20.0,0.0,0.1774981021881103,0.2981,263.1403,1.3249,0.7252,0.3469,0.5571,0.4377,0.4418,0.4033,0.4886,0.4418,0.5419,VarianceParTree,zelnik5_y.zip
2,4,30,5,100.0,20.0,0.1,0.1746664047241211,0.2981,263.1403,1.3249,0.7252,0.3469,0.5571,0.4377,0.4418,0.4033,0.4886,0.4418,0.5419,VarianceParTree,zelnik5_y.zip
2,4,30,5,100.0,20.0,0.2,0.1709933280944824,0.2981,263.1403,1.3249,0.7252,0.3469,0.5571,0.4377,0.4418,0.4033,0.4886,0.4418,0.5419,VarianceParTree,zelnik5_y.zip
2,4,30,5,inf,100.0,0.0,0.7023563385009766,0.3008,266.113,1.3173,0.7282,0.3522,0.5629,0.4419,0.446,0.4075,0.4925,0.446,0.545,VarianceParTree,zelnik5_y.zip
2,4,30,5,inf,100.0,0.1,0.7027628421783447,0.3008,266.113,1.3173,0.7282,0.3522,0.5629,0.4419,0.446,0.4075,0.4925,0.446,0.545,VarianceParTree,zelnik5_y.zip
2,4,30,5,inf,100.0,0.2,0.8062708377838135,0.3008,266.113,1.3173,0.7282,0.3522,0.5629,0.4419,0.446,0.4075,0.4925,0.446,0.545,VarianceParTree,zelnik5_y.zip
2,4,30,5,inf,20.0,0.0,0.7248659133911133,0.3008,266.113,1.3173,0.7282,0.3522,0.5629,0.4419,0.446,0.4075,0.4925,0.446,0.545,VarianceParTree,zelnik5_y.zip
2,4,30,5,inf,20.0,0.1,0.7082138061523438,0.3008,266.113,1.3173,0.7282,0.3522,0.5629,0.4419,0.446,0.4075,0.4925,0.446,0.545,VarianceParTree,zelnik5_y.zip
2,4,30,5,inf,20.0,0.2,0.8034060001373291,0.3008,266.113,1.3173,0.7282,0.3522,0.5629,0.4419,0.446,0.4075,0.4925,0.446,0.545,VarianceParTree,zelnik5_y.zip
2,4,30,5,inf,inf,0.0,0.5433580875396729,0.3101,3.5745,0.4822,0.2554,0.0005,0.0058,0.0006,0.0082,0.0042,0.2049,0.0082,0.4995,VarianceParTree,zelnik5_y.zip
2,4,30,5,inf,inf,0.1,0.6606936454772949,0.3101,3.5745,0.4822,0.2554,0.0005,0.0058,0.0006,0.0082,0.0042,0.2049,0.0082,0.4995,VarianceParTree,zelnik5_y.zip
2,4,30,5,inf,inf,0.2,0.5276405811309814,0.3101,3.5745,0.4822,0.2554,0.0005,0.0058,0.0006,0.0082,0.0042,0.2049,0.0082,0.4995,VarianceParTree,zelnik5_y.zip
2,4,3,50,1000.0,100.0,0.0,0.8234846591949463,0.3008,266.113,1.3173,0.7282,0.3522,0.5629,0.4419,0.446,0.4075,0.4925,0.446,0.545,VarianceParTree,zelnik5_y.zip
2,4,3,50,1000.0,100.0,0.1,0.6786704063415527,0.3008,266.113,1.3173,0.7282,0.3522,0.5629,0.4419,0.446,0.4075,0.4925,0.446,0.545,VarianceParTree,zelnik5_y.zip
2,4,3,50,1000.0,100.0,0.2,0.6810877323150635,0.3008,266.113,1.3173,0.7282,0.3522,0.5629,0.4419,0.446,0.4075,0.4925,0.446,0.545,VarianceParTree,zelnik5_y.zip
2,4,3,50,1000.0,20.0,0.0,0.8149747848510742,0.3008,266.113,1.3173,0.7282,0.3522,0.5629,0.4419,0.446,0.4075,0.4925,0.446,0.545,VarianceParTree,zelnik5_y.zip
2,4,3,50,1000.0,20.0,0.1,0.715174674987793,0.3008,266.113,1.3173,0.7282,0.3522,0.5629,0.4419,0.446,0.4075,0.4925,0.446,0.545,VarianceParTree,zelnik5_y.zip
2,4,3,50,1000.0,20.0,0.2,0.7029602527618408,0.3008,266.113,1.3173,0.7282,0.3522,0.5629,0.4419,0.446,0.4075,0.4925,0.446,0.545,VarianceParTree,zelnik5_y.zip
2,4,3,50,1000.0,inf,0.0,0.5381898880004883,0.3101,3.5745,0.4822,0.2554,0.0005,0.0058,0.0006,0.0082,0.0042,0.2049,0.0082,0.4995,VarianceParTree,zelnik5_y.zip
2,4,3,50,1000.0,inf,0.1,0.5353641510009766,0.3101,3.5745,0.4822,0.2554,0.0005,0.0058,0.0006,0.0082,0.0042,0.2049,0.0082,0.4995,VarianceParTree,zelnik5_y.zip
2,4,3,50,1000.0,inf,0.2,0.5466268062591553,0.3101,3.5745,0.4822,0.2554,0.0005,0.0058,0.0006,0.0082,0.0042,0.2049,0.0082,0.4995,VarianceParTree,zelnik5_y.zip
2,4,3,50,100.0,20.0,0.0,0.1766583919525146,0.2981,263.1403,1.3249,0.7252,0.3469,0.5571,0.4377,0.4418,0.4033,0.4886,0.4418,0.5419,VarianceParTree,zelnik5_y.zip
2,4,3,50,100.0,20.0,0.1,0.177973985671997,0.2981,263.1403,1.3249,0.7252,0.3469,0.5571,0.4377,0.4418,0.4033,0.4886,0.4418,0.5419,VarianceParTree,zelnik5_y.zip
2,4,3,50,100.0,20.0,0.2,0.1667351722717285,0.2981,263.1403,1.3249,0.7252,0.3469,0.5571,0.4377,0.4418,0.4033,0.4886,0.4418,0.5419,VarianceParTree,zelnik5_y.zip
2,4,3,50,inf,100.0,0.0,0.700890302658081,0.3008,266.113,1.3173,0.7282,0.3522,0.5629,0.4419,0.446,0.4075,0.4925,0.446,0.545,VarianceParTree,zelnik5_y.zip
2,4,3,50,inf,100.0,0.1,0.6731626987457275,0.3008,266.113,1.3173,0.7282,0.3522,0.5629,0.4419,0.446,0.4075,0.4925,0.446,0.545,VarianceParTree,zelnik5_y.zip
2,4,3,50,inf,100.0,0.2,0.8351891040802002,0.3008,266.113,1.3173,0.7282,0.3522,0.5629,0.4419,0.446,0.4075,0.4925,0.446,0.545,VarianceParTree,zelnik5_y.zip
2,4,3,50,inf,20.0,0.0,0.684746265411377,0.3008,266.113,1.3173,0.7282,0.3522,0.5629,0.4419,0.446,0.4075,0.4925,0.446,0.545,VarianceParTree,zelnik5_y.zip
2,4,3,50,inf,20.0,0.1,0.7121474742889404,0.3008,266.113,1.3173,0.7282,0.3522,0.5629,0.4419,0.446,0.4075,0.4925,0.446,0.545,VarianceParTree,zelnik5_y.zip
2,4,3,50,inf,20.0,0.2,0.8101367950439453,0.3008,266.113,1.3173,0.7282,0.3522,0.5629,0.4419,0.446,0.4075,0.4925,0.446,0.545,VarianceParTree,zelnik5_y.zip
2,4,3,50,inf,inf,0.0,0.5206279754638672,0.3101,3.5745,0.4822,0.2554,0.0005,0.0058,0.0006,0.0082,0.0042,0.2049,0.0082,0.4995,VarianceParTree,zelnik5_y.zip
2,4,3,50,inf,inf,0.1,0.6435537338256836,0.3101,3.5745,0.4822,0.2554,0.0005,0.0058,0.0006,0.0082,0.0042,0.2049,0.0082,0.4995,VarianceParTree,zelnik5_y.zip
2,4,3,50,inf,inf,0.2,0.5271177291870117,0.3101,3.5745,0.4822,0.2554,0.0005,0.0058,0.0006,0.0082,0.0042,0.2049,0.0082,0.4995,VarianceParTree,zelnik5_y.zip
2,4,3,5,1000.0,100.0,0.0,0.7687709331512451,0.3008,266.113,1.3173,0.7282,0.3522,0.5629,0.4419,0.446,0.4075,0.4925,0.446,0.545,VarianceParTree,zelnik5_y.zip
2,4,3,5,1000.0,100.0,0.1,0.7030725479125977,0.3008,266.113,1.3173,0.7282,0.3522,0.5629,0.4419,0.446,0.4075,0.4925,0.446,0.545,VarianceParTree,zelnik5_y.zip
2,4,3,5,1000.0,100.0,0.2,0.7549848556518555,0.3008,266.113,1.3173,0.7282,0.3522,0.5629,0.4419,0.446,0.4075,0.4925,0.446,0.545,VarianceParTree,zelnik5_y.zip
2,4,3,5,1000.0,20.0,0.0,0.6968562602996826,0.3008,266.113,1.3173,0.7282,0.3522,0.5629,0.4419,0.446,0.4075,0.4925,0.446,0.545,VarianceParTree,zelnik5_y.zip
2,4,3,5,1000.0,20.0,0.1,0.764819860458374,0.3008,266.113,1.3173,0.7282,0.3522,0.5629,0.4419,0.446,0.4075,0.4925,0.446,0.545,VarianceParTree,zelnik5_y.zip
2,4,3,5,1000.0,20.0,0.2,0.6801502704620361,0.3008,266.113,1.3173,0.7282,0.3522,0.5629,0.4419,0.446,0.4075,0.4925,0.446,0.545,VarianceParTree,zelnik5_y.zip
2,4,3,5,1000.0,inf,0.0,0.5379488468170166,0.3101,3.5745,0.4822,0.2554,0.0005,0.0058,0.0006,0.0082,0.0042,0.2049,0.0082,0.4995,VarianceParTree,zelnik5_y.zip
2,4,3,5,1000.0,inf,0.1,0.5366048812866211,0.3101,3.5745,0.4822,0.2554,0.0005,0.0058,0.0006,0.0082,0.0042,0.2049,0.0082,0.4995,VarianceParTree,zelnik5_y.zip
2,4,3,5,1000.0,inf,0.2,0.5203084945678711,0.3101,3.5745,0.4822,0.2554,0.0005,0.0058,0.0006,0.0082,0.0042,0.2049,0.0082,0.4995,VarianceParTree,zelnik5_y.zip
2,4,3,5,100.0,20.0,0.0,0.1731417179107666,0.2981,263.1403,1.3249,0.7252,0.3469,0.5571,0.4377,0.4418,0.4033,0.4886,0.4418,0.5419,VarianceParTree,zelnik5_y.zip
2,4,3,5,100.0,20.0,0.1,0.177927017211914,0.2981,263.1403,1.3249,0.7252,0.3469,0.5571,0.4377,0.4418,0.4033,0.4886,0.4418,0.5419,VarianceParTree,zelnik5_y.zip
2,4,3,5,100.0,20.0,0.2,0.1764001846313476,0.2981,263.1403,1.3249,0.7252,0.3469,0.5571,0.4377,0.4418,0.4033,0.4886,0.4418,0.5419,VarianceParTree,zelnik5_y.zip
2,4,3,5,inf,100.0,0.0,0.6835083961486816,0.3008,266.113,1.3173,0.7282,0.3522,0.5629,0.4419,0.446,0.4075,0.4925,0.446,0.545,VarianceParTree,zelnik5_y.zip
2,4,3,5,inf,100.0,0.1,0.6867163181304932,0.3008,266.113,1.3173,0.7282,0.3522,0.5629,0.4419,0.446,0.4075,0.4925,0.446,0.545,VarianceParTree,zelnik5_y.zip
2,4,3,5,inf,100.0,0.2,0.8252270221710205,0.3008,266.113,1.3173,0.7282,0.3522,0.5629,0.4419,0.446,0.4075,0.4925,0.446,0.545,VarianceParTree,zelnik5_y.zip
2,4,3,5,inf,20.0,0.0,0.6814963817596436,0.3008,266.113,1.3173,0.7282,0.3522,0.5629,0.4419,0.446,0.4075,0.4925,0.446,0.545,VarianceParTree,zelnik5_y.zip
2,4,3,5,inf,20.0,0.1,0.6950361728668213,0.3008,266.113,1.3173,0.7282,0.3522,0.5629,0.4419,0.446,0.4075,0.4925,0.446,0.545,VarianceParTree,zelnik5_y.zip
2,4,3,5,inf,20.0,0.2,0.8066120147705078,0.3008,266.113,1.3173,0.7282,0.3522,0.5629,0.4419,0.446,0.4075,0.4925,0.446,0.545,VarianceParTree,zelnik5_y.zip
2,4,3,5,inf,inf,0.0,0.5369527339935303,0.3101,3.5745,0.4822,0.2554,0.0005,0.0058,0.0006,0.0082,0.0042,0.2049,0.0082,0.4995,VarianceParTree,zelnik5_y.zip
2,4,3,5,inf,inf,0.1,0.6555910110473633,0.3101,3.5745,0.4822,0.2554,0.0005,0.0058,0.0006,0.0082,0.0042,0.2049,0.0082,0.4995,VarianceParTree,zelnik5_y.zip
2,4,3,5,inf,inf,0.2,0.5470848083496094,0.3101,3.5745,0.4822,0.2554,0.0005,0.0058,0.0006,0.0082,0.0042,0.2049,0.0082,0.4995,VarianceParTree,zelnik5_y.zip
2,6,30,50,1000.0,100.0,0.0,0.680591344833374,0.3008,266.113,1.3173,0.7282,0.3522,0.5629,0.4419,0.446,0.4075,0.4925,0.446,0.545,VarianceParTree,zelnik5_y.zip
2,6,30,50,1000.0,100.0,0.1,0.6905519962310791,0.3008,266.113,1.3173,0.7282,0.3522,0.5629,0.4419,0.446,0.4075,0.4925,0.446,0.545,VarianceParTree,zelnik5_y.zip
2,6,30,50,1000.0,100.0,0.2,0.702211856842041,0.3008,266.113,1.3173,0.7282,0.3522,0.5629,0.4419,0.446,0.4075,0.4925,0.446,0.545,VarianceParTree,zelnik5_y.zip
2,6,30,50,1000.0,20.0,0.0,0.6939826011657715,0.3008,266.113,1.3173,0.7282,0.3522,0.5629,0.4419,0.446,0.4075,0.4925,0.446,0.545,VarianceParTree,zelnik5_y.zip
2,6,30,50,1000.0,20.0,0.1,0.7017879486083984,0.3008,266.113,1.3173,0.7282,0.3522,0.5629,0.4419,0.446,0.4075,0.4925,0.446,0.545,VarianceParTree,zelnik5_y.zip
2,6,30,50,1000.0,20.0,0.2,0.8652970790863037,0.3008,266.113,1.3173,0.7282,0.3522,0.5629,0.4419,0.446,0.4075,0.4925,0.446,0.545,VarianceParTree,zelnik5_y.zip
2,6,30,50,1000.0,inf,0.0,0.5287508964538574,0.3101,3.5745,0.4822,0.2554,0.0005,0.0058,0.0006,0.0082,0.0042,0.2049,0.0082,0.4995,VarianceParTree,zelnik5_y.zip
2,6,30,50,1000.0,inf,0.1,0.6721386909484863,0.3101,3.5745,0.4822,0.2554,0.0005,0.0058,0.0006,0.0082,0.0042,0.2049,0.0082,0.4995,VarianceParTree,zelnik5_y.zip
2,6,30,50,1000.0,inf,0.2,0.5210371017456055,0.3101,3.5745,0.4822,0.2554,0.0005,0.0058,0.0006,0.0082,0.0042,0.2049,0.0082,0.4995,VarianceParTree,zelnik5_y.zip
2,6,30,50,100.0,20.0,0.0,0.1737749576568603,0.2981,263.1403,1.3249,0.7252,0.3469,0.5571,0.4377,0.4418,0.4033,0.4886,0.4418,0.5419,VarianceParTree,zelnik5_y.zip
2,6,30,50,100.0,20.0,0.1,0.1701922416687011,0.2981,263.1403,1.3249,0.7252,0.3469,0.5571,0.4377,0.4418,0.4033,0.4886,0.4418,0.5419,VarianceParTree,zelnik5_y.zip
2,6,30,50,100.0,20.0,0.2,0.2996065616607666,0.2981,263.1403,1.3249,0.7252,0.3469,0.5571,0.4377,0.4418,0.4033,0.4886,0.4418,0.5419,VarianceParTree,zelnik5_y.zip
2,6,30,50,inf,100.0,0.0,0.7129430770874023,0.3008,266.113,1.3173,0.7282,0.3522,0.5629,0.4419,0.446,0.4075,0.4925,0.446,0.545,VarianceParTree,zelnik5_y.zip
2,6,30,50,inf,100.0,0.1,0.7891051769256592,0.3008,266.113,1.3173,0.7282,0.3522,0.5629,0.4419,0.446,0.4075,0.4925,0.446,0.545,VarianceParTree,zelnik5_y.zip
2,6,30,50,inf,100.0,0.2,0.6781864166259766,0.3008,266.113,1.3173,0.7282,0.3522,0.5629,0.4419,0.446,0.4075,0.4925,0.446,0.545,VarianceParTree,zelnik5_y.zip
2,6,30,50,inf,20.0,0.0,0.830009937286377,0.3008,266.113,1.3173,0.7282,0.3522,0.5629,0.4419,0.446,0.4075,0.4925,0.446,0.545,VarianceParTree,zelnik5_y.zip
2,6,30,50,inf,20.0,0.1,0.7026875019073486,0.3008,266.113,1.3173,0.7282,0.3522,0.5629,0.4419,0.446,0.4075,0.4925,0.446,0.545,VarianceParTree,zelnik5_y.zip
2,6,30,50,inf,20.0,0.2,0.700852632522583,0.3008,266.113,1.3173,0.7282,0.3522,0.5629,0.4419,0.446,0.4075,0.4925,0.446,0.545,VarianceParTree,zelnik5_y.zip
2,6,30,50,inf,inf,0.0,0.5336031913757324,0.3101,3.5745,0.4822,0.2554,0.0005,0.0058,0.0006,0.0082,0.0042,0.2049,0.0082,0.4995,VarianceParTree,zelnik5_y.zip
2,6,30,50,inf,inf,0.1,0.53582763671875,0.3101,3.5745,0.4822,0.2554,0.0005,0.0058,0.0006,0.0082,0.0042,0.2049,0.0082,0.4995,VarianceParTree,zelnik5_y.zip
2,6,30,50,inf,inf,0.2,0.5402708053588867,0.3101,3.5745,0.4822,0.2554,0.0005,0.0058,0.0006,0.0082,0.0042,0.2049,0.0082,0.4995,VarianceParTree,zelnik5_y.zip
2,6,30,5,1000.0,100.0,0.0,0.699272871017456,0.3008,266.113,1.3173,0.7282,0.3522,0.5629,0.4419,0.446,0.4075,0.4925,0.446,0.545,VarianceParTree,zelnik5_y.zip
2,6,30,5,1000.0,100.0,0.1,0.6936924457550049,0.3008,266.113,1.3173,0.7282,0.3522,0.5629,0.4419,0.446,0.4075,0.4925,0.446,0.545,VarianceParTree,zelnik5_y.zip
2,6,30,5,1000.0,100.0,0.2,0.809178352355957,0.3008,266.113,1.3173,0.7282,0.3522,0.5629,0.4419,0.446,0.4075,0.4925,0.446,0.545,VarianceParTree,zelnik5_y.zip
2,6,30,5,1000.0,20.0,0.0,0.6944234371185303,0.3008,266.113,1.3173,0.7282,0.3522,0.5629,0.4419,0.446,0.4075,0.4925,0.446,0.545,VarianceParTree,zelnik5_y.zip
2,6,30,5,1000.0,20.0,0.1,0.8433246612548828,0.3008,266.113,1.3173,0.7282,0.3522,0.5629,0.4419,0.446,0.4075,0.4925,0.446,0.545,VarianceParTree,zelnik5_y.zip
2,6,30,5,1000.0,20.0,0.2,0.6817030906677246,0.3008,266.113,1.3173,0.7282,0.3522,0.5629,0.4419,0.446,0.4075,0.4925,0.446,0.545,VarianceParTree,zelnik5_y.zip
2,6,30,5,1000.0,inf,0.0,0.6527366638183594,0.3101,3.5745,0.4822,0.2554,0.0005,0.0058,0.0006,0.0082,0.0042,0.2049,0.0082,0.4995,VarianceParTree,zelnik5_y.zip
2,6,30,5,1000.0,inf,0.1,0.5051414966583252,0.3101,3.5745,0.4822,0.2554,0.0005,0.0058,0.0006,0.0082,0.0042,0.2049,0.0082,0.4995,VarianceParTree,zelnik5_y.zip
2,6,30,5,1000.0,inf,0.2,0.5301768779754639,0.3101,3.5745,0.4822,0.2554,0.0005,0.0058,0.0006,0.0082,0.0042,0.2049,0.0082,0.4995,VarianceParTree,zelnik5_y.zip
2,6,30,5,100.0,20.0,0.0,0.1692843437194824,0.2981,263.1403,1.3249,0.7252,0.3469,0.5571,0.4377,0.4418,0.4033,0.4886,0.4418,0.5419,VarianceParTree,zelnik5_y.zip
2,6,30,5,100.0,20.0,0.1,0.1789150238037109,0.2981,263.1403,1.3249,0.7252,0.3469,0.5571,0.4377,0.4418,0.4033,0.4886,0.4418,0.5419,VarianceParTree,zelnik5_y.zip
2,6,30,5,100.0,20.0,0.2,0.1792662143707275,0.2981,263.1403,1.3249,0.7252,0.3469,0.5571,0.4377,0.4418,0.4033,0.4886,0.4418,0.5419,VarianceParTree,zelnik5_y.zip
2,6,30,5,inf,100.0,0.0,0.8340351581573486,0.3008,266.113,1.3173,0.7282,0.3522,0.5629,0.4419,0.446,0.4075,0.4925,0.446,0.545,VarianceParTree,zelnik5_y.zip
2,6,30,5,inf,100.0,0.1,0.6795616149902344,0.3008,266.113,1.3173,0.7282,0.3522,0.5629,0.4419,0.446,0.4075,0.4925,0.446,0.545,VarianceParTree,zelnik5_y.zip
2,6,30,5,inf,100.0,0.2,0.6900715827941895,0.3008,266.113,1.3173,0.7282,0.3522,0.5629,0.4419,0.446,0.4075,0.4925,0.446,0.545,VarianceParTree,zelnik5_y.zip
2,6,30,5,inf,20.0,0.0,0.8042628765106201,0.3008,266.113,1.3173,0.7282,0.3522,0.5629,0.4419,0.446,0.4075,0.4925,0.446,0.545,VarianceParTree,zelnik5_y.zip
2,6,30,5,inf,20.0,0.1,0.7004332542419434,0.3008,266.113,1.3173,0.7282,0.3522,0.5629,0.4419,0.446,0.4075,0.4925,0.446,0.545,VarianceParTree,zelnik5_y.zip
2,6,30,5,inf,20.0,0.2,0.6791954040527344,0.3008,266.113,1.3173,0.7282,0.3522,0.5629,0.4419,0.446,0.4075,0.4925,0.446,0.545,VarianceParTree,zelnik5_y.zip
2,6,30,5,inf,inf,0.0,0.5330488681793213,0.3101,3.5745,0.4822,0.2554,0.0005,0.0058,0.0006,0.0082,0.0042,0.2049,0.0082,0.4995,VarianceParTree,zelnik5_y.zip
2,6,30,5,inf,inf,0.1,0.5001022815704346,0.3101,3.5745,0.4822,0.2554,0.0005,0.0058,0.0006,0.0082,0.0042,0.2049,0.0082,0.4995,VarianceParTree,zelnik5_y.zip
2,6,30,5,inf,inf,0.2,0.5305004119873047,0.3101,3.5745,0.4822,0.2554,0.0005,0.0058,0.0006,0.0082,0.0042,0.2049,0.0082,0.4995,VarianceParTree,zelnik5_y.zip
2,6,3,50,1000.0,100.0,0.0,0.7044632434844971,0.3008,266.113,1.3173,0.7282,0.3522,0.5629,0.4419,0.446,0.4075,0.4925,0.446,0.545,VarianceParTree,zelnik5_y.zip
2,6,3,50,1000.0,100.0,0.1,0.8231775760650635,0.3008,266.113,1.3173,0.7282,0.3522,0.5629,0.4419,0.446,0.4075,0.4925,0.446,0.545,VarianceParTree,zelnik5_y.zip
2,6,3,50,1000.0,100.0,0.2,0.6940007209777832,0.3008,266.113,1.3173,0.7282,0.3522,0.5629,0.4419,0.446,0.4075,0.4925,0.446,0.545,VarianceParTree,zelnik5_y.zip
2,6,3,50,1000.0,20.0,0.0,0.6841659545898438,0.3008,266.113,1.3173,0.7282,0.3522,0.5629,0.4419,0.446,0.4075,0.4925,0.446,0.545,VarianceParTree,zelnik5_y.zip
2,6,3,50,1000.0,20.0,0.1,0.8096225261688232,0.3008,266.113,1.3173,0.7282,0.3522,0.5629,0.4419,0.446,0.4075,0.4925,0.446,0.545,VarianceParTree,zelnik5_y.zip
2,6,3,50,1000.0,20.0,0.2,0.7149505615234375,0.3008,266.113,1.3173,0.7282,0.3522,0.5629,0.4419,0.446,0.4075,0.4925,0.446,0.545,VarianceParTree,zelnik5_y.zip
2,6,3,50,1000.0,inf,0.0,0.659848690032959,0.3101,3.5745,0.4822,0.2554,0.0005,0.0058,0.0006,0.0082,0.0042,0.2049,0.0082,0.4995,VarianceParTree,zelnik5_y.zip
2,6,3,50,1000.0,inf,0.1,0.5430493354797363,0.3101,3.5745,0.4822,0.2554,0.0005,0.0058,0.0006,0.0082,0.0042,0.2049,0.0082,0.4995,VarianceParTree,zelnik5_y.zip
2,6,3,50,1000.0,inf,0.2,0.5510532855987549,0.3101,3.5745,0.4822,0.2554,0.0005,0.0058,0.0006,0.0082,0.0042,0.2049,0.0082,0.4995,VarianceParTree,zelnik5_y.zip
2,6,3,50,100.0,20.0,0.0,0.1772139072418213,0.2981,263.1403,1.3249,0.7252,0.3469,0.5571,0.4377,0.4418,0.4033,0.4886,0.4418,0.5419,VarianceParTree,zelnik5_y.zip
2,6,3,50,100.0,20.0,0.1,0.1693923473358154,0.2981,263.1403,1.3249,0.7252,0.3469,0.5571,0.4377,0.4418,0.4033,0.4886,0.4418,0.5419,VarianceParTree,zelnik5_y.zip
2,6,3,50,100.0,20.0,0.2,0.1732275485992431,0.2981,263.1403,1.3249,0.7252,0.3469,0.5571,0.4377,0.4418,0.4033,0.4886,0.4418,0.5419,VarianceParTree,zelnik5_y.zip
2,6,3,50,inf,100.0,0.0,0.8130607604980469,0.3008,266.113,1.3173,0.7282,0.3522,0.5629,0.4419,0.446,0.4075,0.4925,0.446,0.545,VarianceParTree,zelnik5_y.zip
2,6,3,50,inf,100.0,0.1,0.6732690334320068,0.3008,266.113,1.3173,0.7282,0.3522,0.5629,0.4419,0.446,0.4075,0.4925,0.446,0.545,VarianceParTree,zelnik5_y.zip
2,6,3,50,inf,100.0,0.2,0.7079300880432129,0.3008,266.113,1.3173,0.7282,0.3522,0.5629,0.4419,0.446,0.4075,0.4925,0.446,0.545,VarianceParTree,zelnik5_y.zip
2,6,3,50,inf,20.0,0.0,0.6962153911590576,0.3008,266.113,1.3173,0.7282,0.3522,0.5629,0.4419,0.446,0.4075,0.4925,0.446,0.545,VarianceParTree,zelnik5_y.zip
2,6,3,50,inf,20.0,0.1,0.6794404983520508,0.3008,266.113,1.3173,0.7282,0.3522,0.5629,0.4419,0.446,0.4075,0.4925,0.446,0.545,VarianceParTree,zelnik5_y.zip
2,6,3,50,inf,20.0,0.2,0.6922454833984375,0.3008,266.113,1.3173,0.7282,0.3522,0.5629,0.4419,0.446,0.4075,0.4925,0.446,0.545,VarianceParTree,zelnik5_y.zip
2,6,3,50,inf,inf,0.0,0.5248301029205322,0.3101,3.5745,0.4822,0.2554,0.0005,0.0058,0.0006,0.0082,0.0042,0.2049,0.0082,0.4995,VarianceParTree,zelnik5_y.zip
2,6,3,50,inf,inf,0.1,0.5199041366577148,0.3101,3.5745,0.4822,0.2554,0.0005,0.0058,0.0006,0.0082,0.0042,0.2049,0.0082,0.4995,VarianceParTree,zelnik5_y.zip
2,6,3,50,inf,inf,0.2,0.6757793426513672,0.3101,3.5745,0.4822,0.2554,0.0005,0.0058,0.0006,0.0082,0.0042,0.2049,0.0082,0.4995,VarianceParTree,zelnik5_y.zip
2,6,3,5,1000.0,100.0,0.0,0.7591774463653564,0.3008,266.113,1.3173,0.7282,0.3522,0.5629,0.4419,0.446,0.4075,0.4925,0.446,0.545,VarianceParTree,zelnik5_y.zip
2,6,3,5,1000.0,100.0,0.1,0.69439697265625,0.3008,266.113,1.3173,0.7282,0.3522,0.5629,0.4419,0.446,0.4075,0.4925,0.446,0.545,VarianceParTree,zelnik5_y.zip
2,6,3,5,1000.0,100.0,0.2,0.75888991355896,0.3008,266.113,1.3173,0.7282,0.3522,0.5629,0.4419,0.446,0.4075,0.4925,0.446,0.545,VarianceParTree,zelnik5_y.zip
2,6,3,5,1000.0,20.0,0.0,0.6768522262573242,0.3008,266.113,1.3173,0.7282,0.3522,0.5629,0.4419,0.446,0.4075,0.4925,0.446,0.545,VarianceParTree,zelnik5_y.zip
2,6,3,5,1000.0,20.0,0.1,0.7504849433898926,0.3008,266.113,1.3173,0.7282,0.3522,0.5629,0.4419,0.446,0.4075,0.4925,0.446,0.545,VarianceParTree,zelnik5_y.zip
2,6,3,5,1000.0,20.0,0.2,0.6990339756011963,0.3008,266.113,1.3173,0.7282,0.3522,0.5629,0.4419,0.446,0.4075,0.4925,0.446,0.545,VarianceParTree,zelnik5_y.zip
2,6,3,5,1000.0,inf,0.0,0.6541793346405029,0.3101,3.5745,0.4822,0.2554,0.0005,0.0058,0.0006,0.0082,0.0042,0.2049,0.0082,0.4995,VarianceParTree,zelnik5_y.zip
2,6,3,5,1000.0,inf,0.1,0.548029899597168,0.3101,3.5745,0.4822,0.2554,0.0005,0.0058,0.0006,0.0082,0.0042,0.2049,0.0082,0.4995,VarianceParTree,zelnik5_y.zip
2,6,3,5,1000.0,inf,0.2,0.5497994422912598,0.3101,3.5745,0.4822,0.2554,0.0005,0.0058,0.0006,0.0082,0.0042,0.2049,0.0082,0.4995,VarianceParTree,zelnik5_y.zip
2,6,3,5,100.0,20.0,0.0,0.1910617351531982,0.2981,263.1403,1.3249,0.7252,0.3469,0.5571,0.4377,0.4418,0.4033,0.4886,0.4418,0.5419,VarianceParTree,zelnik5_y.zip
2,6,3,5,100.0,20.0,0.1,0.1632065773010254,0.2981,263.1403,1.3249,0.7252,0.3469,0.5571,0.4377,0.4418,0.4033,0.4886,0.4418,0.5419,VarianceParTree,zelnik5_y.zip
2,6,3,5,100.0,20.0,0.2,0.1738126277923584,0.2981,263.1403,1.3249,0.7252,0.3469,0.5571,0.4377,0.4418,0.4033,0.4886,0.4418,0.5419,VarianceParTree,zelnik5_y.zip
2,6,3,5,inf,100.0,0.0,0.8279283046722412,0.3008,266.113,1.3173,0.7282,0.3522,0.5629,0.4419,0.446,0.4075,0.4925,0.446,0.545,VarianceParTree,zelnik5_y.zip
2,6,3,5,inf,100.0,0.1,0.6976969242095947,0.3008,266.113,1.3173,0.7282,0.3522,0.5629,0.4419,0.446,0.4075,0.4925,0.446,0.545,VarianceParTree,zelnik5_y.zip
2,6,3,5,inf,100.0,0.2,0.701401948928833,0.3008,266.113,1.3173,0.7282,0.3522,0.5629,0.4419,0.446,0.4075,0.4925,0.446,0.545,VarianceParTree,zelnik5_y.zip
2,6,3,5,inf,20.0,0.0,0.7073040008544922,0.3008,266.113,1.3173,0.7282,0.3522,0.5629,0.4419,0.446,0.4075,0.4925,0.446,0.545,VarianceParTree,zelnik5_y.zip
2,6,3,5,inf,20.0,0.1,0.7033233642578125,0.3008,266.113,1.3173,0.7282,0.3522,0.5629,0.4419,0.446,0.4075,0.4925,0.446,0.545,VarianceParTree,zelnik5_y.zip
2,6,3,5,inf,20.0,0.2,0.6857702732086182,0.3008,266.113,1.3173,0.7282,0.3522,0.5629,0.4419,0.446,0.4075,0.4925,0.446,0.545,VarianceParTree,zelnik5_y.zip
2,6,3,5,inf,inf,0.0,0.5440378189086914,0.3101,3.5745,0.4822,0.2554,0.0005,0.0058,0.0006,0.0082,0.0042,0.2049,0.0082,0.4995,VarianceParTree,zelnik5_y.zip
2,6,3,5,inf,inf,0.1,0.5164916515350342,0.3101,3.5745,0.4822,0.2554,0.0005,0.0058,0.0006,0.0082,0.0042,0.2049,0.0082,0.4995,VarianceParTree,zelnik5_y.zip
2,6,3,5,inf,inf,0.2,0.6492879390716553,0.3101,3.5745,0.4822,0.2554,0.0005,0.0058,0.0006,0.0082,0.0042,0.2049,0.0082,0.4995,VarianceParTree,zelnik5_y.zip
2,8,30,50,1000.0,100.0,0.0,0.8094661235809326,0.3008,266.113,1.3173,0.7282,0.3522,0.5629,0.4419,0.446,0.4075,0.4925,0.446,0.545,VarianceParTree,zelnik5_y.zip
2,8,30,50,1000.0,100.0,0.1,0.6798334121704102,0.3008,266.113,1.3173,0.7282,0.3522,0.5629,0.4419,0.446,0.4075,0.4925,0.446,0.545,VarianceParTree,zelnik5_y.zip
2,8,30,50,1000.0,100.0,0.2,0.6756463050842285,0.3008,266.113,1.3173,0.7282,0.3522,0.5629,0.4419,0.446,0.4075,0.4925,0.446,0.545,VarianceParTree,zelnik5_y.zip
2,8,30,50,1000.0,20.0,0.0,0.822512149810791,0.3008,266.113,1.3173,0.7282,0.3522,0.5629,0.4419,0.446,0.4075,0.4925,0.446,0.545,VarianceParTree,zelnik5_y.zip
2,8,30,50,1000.0,20.0,0.1,0.7118210792541504,0.3008,266.113,1.3173,0.7282,0.3522,0.5629,0.4419,0.446,0.4075,0.4925,0.446,0.545,VarianceParTree,zelnik5_y.zip
2,8,30,50,1000.0,20.0,0.2,0.7066135406494141,0.3008,266.113,1.3173,0.7282,0.3522,0.5629,0.4419,0.446,0.4075,0.4925,0.446,0.545,VarianceParTree,zelnik5_y.zip
2,8,30,50,1000.0,inf,0.0,0.5572402477264404,0.3101,3.5745,0.4822,0.2554,0.0005,0.0058,0.0006,0.0082,0.0042,0.2049,0.0082,0.4995,VarianceParTree,zelnik5_y.zip
2,8,30,50,1000.0,inf,0.1,0.5188901424407959,0.3101,3.5745,0.4822,0.2554,0.0005,0.0058,0.0006,0.0082,0.0042,0.2049,0.0082,0.4995,VarianceParTree,zelnik5_y.zip
2,8,30,50,1000.0,inf,0.2,0.5356044769287109,0.3101,3.5745,0.4822,0.2554,0.0005,0.0058,0.0006,0.0082,0.0042,0.2049,0.0082,0.4995,VarianceParTree,zelnik5_y.zip
2,8,30,50,100.0,20.0,0.0,0.1721460819244384,0.2981,263.1403,1.3249,0.7252,0.3469,0.5571,0.4377,0.4418,0.4033,0.4886,0.4418,0.5419,VarianceParTree,zelnik5_y.zip
2,8,30,50,100.0,20.0,0.1,0.178901195526123,0.2981,263.1403,1.3249,0.7252,0.3469,0.5571,0.4377,0.4418,0.4033,0.4886,0.4418,0.5419,VarianceParTree,zelnik5_y.zip
2,8,30,50,100.0,20.0,0.2,0.1754932403564453,0.2981,263.1403,1.3249,0.7252,0.3469,0.5571,0.4377,0.4418,0.4033,0.4886,0.4418,0.5419,VarianceParTree,zelnik5_y.zip
2,8,30,50,inf,100.0,0.0,0.7019562721252441,0.3008,266.113,1.3173,0.7282,0.3522,0.5629,0.4419,0.446,0.4075,0.4925,0.446,0.545,VarianceParTree,zelnik5_y.zip
2,8,30,50,inf,100.0,0.1,0.8329439163208008,0.3008,266.113,1.3173,0.7282,0.3522,0.5629,0.4419,0.446,0.4075,0.4925,0.446,0.545,VarianceParTree,zelnik5_y.zip
2,8,30,50,inf,100.0,0.2,0.7142500877380371,0.3008,266.113,1.3173,0.7282,0.3522,0.5629,0.4419,0.446,0.4075,0.4925,0.446,0.545,VarianceParTree,zelnik5_y.zip
2,8,30,50,inf,20.0,0.0,0.7105216979980469,0.3008,266.113,1.3173,0.7282,0.3522,0.5629,0.4419,0.446,0.4075,0.4925,0.446,0.545,VarianceParTree,zelnik5_y.zip
2,8,30,50,inf,20.0,0.1,0.8121469020843506,0.3008,266.113,1.3173,0.7282,0.3522,0.5629,0.4419,0.446,0.4075,0.4925,0.446,0.545,VarianceParTree,zelnik5_y.zip
2,8,30,50,inf,20.0,0.2,0.7199716567993164,0.3008,266.113,1.3173,0.7282,0.3522,0.5629,0.4419,0.446,0.4075,0.4925,0.446,0.545,VarianceParTree,zelnik5_y.zip
2,8,30,50,inf,inf,0.0,0.6434638500213623,0.3101,3.5745,0.4822,0.2554,0.0005,0.0058,0.0006,0.0082,0.0042,0.2049,0.0082,0.4995,VarianceParTree,zelnik5_y.zip
2,8,30,50,inf,inf,0.1,0.5103495121002197,0.3101,3.5745,0.4822,0.2554,0.0005,0.0058,0.0006,0.0082,0.0042,0.2049,0.0082,0.4995,VarianceParTree,zelnik5_y.zip
2,8,30,50,inf,inf,0.2,0.5272617340087891,0.3101,3.5745,0.4822,0.2554,0.0005,0.0058,0.0006,0.0082,0.0042,0.2049,0.0082,0.4995,VarianceParTree,zelnik5_y.zip
2,8,30,5,1000.0,100.0,0.0,0.7984154224395752,0.3008,266.113,1.3173,0.7282,0.3522,0.5629,0.4419,0.446,0.4075,0.4925,0.446,0.545,VarianceParTree,zelnik5_y.zip
2,8,30,5,1000.0,100.0,0.1,0.6764190196990967,0.3008,266.113,1.3173,0.7282,0.3522,0.5629,0.4419,0.446,0.4075,0.4925,0.446,0.545,VarianceParTree,zelnik5_y.zip
2,8,30,5,1000.0,100.0,0.2,0.7016432285308838,0.3008,266.113,1.3173,0.7282,0.3522,0.5629,0.4419,0.446,0.4075,0.4925,0.446,0.545,VarianceParTree,zelnik5_y.zip
2,8,30,5,1000.0,20.0,0.0,0.7031066417694092,0.3008,266.113,1.3173,0.7282,0.3522,0.5629,0.4419,0.446,0.4075,0.4925,0.446,0.545,VarianceParTree,zelnik5_y.zip
2,8,30,5,1000.0,20.0,0.1,0.6878108978271484,0.3008,266.113,1.3173,0.7282,0.3522,0.5629,0.4419,0.446,0.4075,0.4925,0.446,0.545,VarianceParTree,zelnik5_y.zip
2,8,30,5,1000.0,20.0,0.2,0.7068095207214355,0.3008,266.113,1.3173,0.7282,0.3522,0.5629,0.4419,0.446,0.4075,0.4925,0.446,0.545,VarianceParTree,zelnik5_y.zip
2,8,30,5,1000.0,inf,0.0,0.5504636764526367,0.3101,3.5745,0.4822,0.2554,0.0005,0.0058,0.0006,0.0082,0.0042,0.2049,0.0082,0.4995,VarianceParTree,zelnik5_y.zip
2,8,30,5,1000.0,inf,0.1,0.5233111381530762,0.3101,3.5745,0.4822,0.2554,0.0005,0.0058,0.0006,0.0082,0.0042,0.2049,0.0082,0.4995,VarianceParTree,zelnik5_y.zip
2,8,30,5,1000.0,inf,0.2,0.6705942153930664,0.3101,3.5745,0.4822,0.2554,0.0005,0.0058,0.0006,0.0082,0.0042,0.2049,0.0082,0.4995,VarianceParTree,zelnik5_y.zip
2,8,30,5,100.0,20.0,0.0,0.1726822853088379,0.2981,263.1403,1.3249,0.7252,0.3469,0.5571,0.4377,0.4418,0.4033,0.4886,0.4418,0.5419,VarianceParTree,zelnik5_y.zip
2,8,30,5,100.0,20.0,0.1,0.1775298118591308,0.2981,263.1403,1.3249,0.7252,0.3469,0.5571,0.4377,0.4418,0.4033,0.4886,0.4418,0.5419,VarianceParTree,zelnik5_y.zip
2,8,30,5,100.0,20.0,0.2,0.2132129669189453,0.2981,263.1403,1.3249,0.7252,0.3469,0.5571,0.4377,0.4418,0.4033,0.4886,0.4418,0.5419,VarianceParTree,zelnik5_y.zip
2,8,30,5,inf,100.0,0.0,0.7028615474700928,0.3008,266.113,1.3173,0.7282,0.3522,0.5629,0.4419,0.446,0.4075,0.4925,0.446,0.545,VarianceParTree,zelnik5_y.zip
2,8,30,5,inf,100.0,0.1,0.8190274238586426,0.3008,266.113,1.3173,0.7282,0.3522,0.5629,0.4419,0.446,0.4075,0.4925,0.446,0.545,VarianceParTree,zelnik5_y.zip
2,8,30,5,inf,100.0,0.2,0.7162141799926758,0.3008,266.113,1.3173,0.7282,0.3522,0.5629,0.4419,0.446,0.4075,0.4925,0.446,0.545,VarianceParTree,zelnik5_y.zip
2,8,30,5,inf,20.0,0.0,0.695652961730957,0.3008,266.113,1.3173,0.7282,0.3522,0.5629,0.4419,0.446,0.4075,0.4925,0.446,0.545,VarianceParTree,zelnik5_y.zip
2,8,30,5,inf,20.0,0.1,0.8122079372406006,0.3008,266.113,1.3173,0.7282,0.3522,0.5629,0.4419,0.446,0.4075,0.4925,0.446,0.545,VarianceParTree,zelnik5_y.zip
2,8,30,5,inf,20.0,0.2,0.6930897235870361,0.3008,266.113,1.3173,0.7282,0.3522,0.5629,0.4419,0.446,0.4075,0.4925,0.446,0.545,VarianceParTree,zelnik5_y.zip
2,8,30,5,inf,inf,0.0,0.5330350399017334,0.3101,3.5745,0.4822,0.2554,0.0005,0.0058,0.0006,0.0082,0.0042,0.2049,0.0082,0.4995,VarianceParTree,zelnik5_y.zip
2,8,30,5,inf,inf,0.1,0.5452909469604492,0.3101,3.5745,0.4822,0.2554,0.0005,0.0058,0.0006,0.0082,0.0042,0.2049,0.0082,0.4995,VarianceParTree,zelnik5_y.zip
2,8,30,5,inf,inf,0.2,0.5492255687713623,0.3101,3.5745,0.4822,0.2554,0.0005,0.0058,0.0006,0.0082,0.0042,0.2049,0.0082,0.4995,VarianceParTree,zelnik5_y.zip
2,8,3,50,1000.0,100.0,0.0,0.6733982563018799,0.3008,266.113,1.3173,0.7282,0.3522,0.5629,0.4419,0.446,0.4075,0.4925,0.446,0.545,VarianceParTree,zelnik5_y.zip
2,8,3,50,1000.0,100.0,0.1,0.706573486328125,0.3008,266.113,1.3173,0.7282,0.3522,0.5629,0.4419,0.446,0.4075,0.4925,0.446,0.545,VarianceParTree,zelnik5_y.zip
2,8,3,50,1000.0,100.0,0.2,0.8399627208709717,0.3008,266.113,1.3173,0.7282,0.3522,0.5629,0.4419,0.446,0.4075,0.4925,0.446,0.545,VarianceParTree,zelnik5_y.zip
2,8,3,50,1000.0,20.0,0.0,0.7134242057800293,0.3008,266.113,1.3173,0.7282,0.3522,0.5629,0.4419,0.446,0.4075,0.4925,0.446,0.545,VarianceParTree,zelnik5_y.zip
2,8,3,50,1000.0,20.0,0.1,0.6916406154632568,0.3008,266.113,1.3173,0.7282,0.3522,0.5629,0.4419,0.446,0.4075,0.4925,0.446,0.545,VarianceParTree,zelnik5_y.zip
2,8,3,50,1000.0,20.0,0.2,0.821063756942749,0.3008,266.113,1.3173,0.7282,0.3522,0.5629,0.4419,0.446,0.4075,0.4925,0.446,0.545,VarianceParTree,zelnik5_y.zip
2,8,3,50,1000.0,inf,0.0,0.5483026504516602,0.3101,3.5745,0.4822,0.2554,0.0005,0.0058,0.0006,0.0082,0.0042,0.2049,0.0082,0.4995,VarianceParTree,zelnik5_y.zip
2,8,3,50,1000.0,inf,0.1,0.6676559448242188,0.3101,3.5745,0.4822,0.2554,0.0005,0.0058,0.0006,0.0082,0.0042,0.2049,0.0082,0.4995,VarianceParTree,zelnik5_y.zip
2,8,3,50,1000.0,inf,0.2,0.5660386085510254,0.3101,3.5745,0.4822,0.2554,0.0005,0.0058,0.0006,0.0082,0.0042,0.2049,0.0082,0.4995,VarianceParTree,zelnik5_y.zip
2,8,3,50,100.0,20.0,0.0,0.1865618228912353,0.2981,263.1403,1.3249,0.7252,0.3469,0.5571,0.4377,0.4418,0.4033,0.4886,0.4418,0.5419,VarianceParTree,zelnik5_y.zip
2,8,3,50,100.0,20.0,0.1,0.1699714660644531,0.2981,263.1403,1.3249,0.7252,0.3469,0.5571,0.4377,0.4418,0.4033,0.4886,0.4418,0.5419,VarianceParTree,zelnik5_y.zip
2,8,3,50,100.0,20.0,0.2,0.1778368949890136,0.2981,263.1403,1.3249,0.7252,0.3469,0.5571,0.4377,0.4418,0.4033,0.4886,0.4418,0.5419,VarianceParTree,zelnik5_y.zip
2,8,3,50,inf,100.0,0.0,0.687586784362793,0.3008,266.113,1.3173,0.7282,0.3522,0.5629,0.4419,0.446,0.4075,0.4925,0.446,0.545,VarianceParTree,zelnik5_y.zip
2,8,3,50,inf,100.0,0.1,0.8399806022644043,0.3008,266.113,1.3173,0.7282,0.3522,0.5629,0.4419,0.446,0.4075,0.4925,0.446,0.545,VarianceParTree,zelnik5_y.zip
2,8,3,50,inf,100.0,0.2,0.6918516159057617,0.3008,266.113,1.3173,0.7282,0.3522,0.5629,0.4419,0.446,0.4075,0.4925,0.446,0.545,VarianceParTree,zelnik5_y.zip
2,8,3,50,inf,20.0,0.0,0.8248157501220703,0.3008,266.113,1.3173,0.7282,0.3522,0.5629,0.4419,0.446,0.4075,0.4925,0.446,0.545,VarianceParTree,zelnik5_y.zip
2,8,3,50,inf,20.0,0.1,0.7044651508331299,0.3008,266.113,1.3173,0.7282,0.3522,0.5629,0.4419,0.446,0.4075,0.4925,0.446,0.545,VarianceParTree,zelnik5_y.zip
2,8,3,50,inf,20.0,0.2,0.7006425857543945,0.3008,266.113,1.3173,0.7282,0.3522,0.5629,0.4419,0.446,0.4075,0.4925,0.446,0.545,VarianceParTree,zelnik5_y.zip
2,8,3,50,inf,inf,0.0,0.5214300155639648,0.3101,3.5745,0.4822,0.2554,0.0005,0.0058,0.0006,0.0082,0.0042,0.2049,0.0082,0.4995,VarianceParTree,zelnik5_y.zip
2,8,3,50,inf,inf,0.1,0.5373427867889404,0.3101,3.5745,0.4822,0.2554,0.0005,0.0058,0.0006,0.0082,0.0042,0.2049,0.0082,0.4995,VarianceParTree,zelnik5_y.zip
2,8,3,50,inf,inf,0.2,0.5475203990936279,0.3101,3.5745,0.4822,0.2554,0.0005,0.0058,0.0006,0.0082,0.0042,0.2049,0.0082,0.4995,VarianceParTree,zelnik5_y.zip
2,8,3,5,1000.0,100.0,0.0,0.6916806697845459,0.3008,266.113,1.3173,0.7282,0.3522,0.5629,0.4419,0.446,0.4075,0.4925,0.446,0.545,VarianceParTree,zelnik5_y.zip
2,8,3,5,1000.0,100.0,0.1,0.7322266101837158,0.3008,266.113,1.3173,0.7282,0.3522,0.5629,0.4419,0.446,0.4075,0.4925,0.446,0.545,VarianceParTree,zelnik5_y.zip
2,8,3,5,1000.0,100.0,0.2,0.6935920715332031,0.3008,266.113,1.3173,0.7282,0.3522,0.5629,0.4419,0.446,0.4075,0.4925,0.446,0.545,VarianceParTree,zelnik5_y.zip
2,8,3,5,1000.0,20.0,0.0,0.7380824089050293,0.3008,266.113,1.3173,0.7282,0.3522,0.5629,0.4419,0.446,0.4075,0.4925,0.446,0.545,VarianceParTree,zelnik5_y.zip
2,8,3,5,1000.0,20.0,0.1,0.697943925857544,0.3008,266.113,1.3173,0.7282,0.3522,0.5629,0.4419,0.446,0.4075,0.4925,0.446,0.545,VarianceParTree,zelnik5_y.zip
2,8,3,5,1000.0,20.0,0.2,0.7549195289611816,0.3008,266.113,1.3173,0.7282,0.3522,0.5629,0.4419,0.446,0.4075,0.4925,0.446,0.545,VarianceParTree,zelnik5_y.zip
2,8,3,5,1000.0,inf,0.0,0.5657248497009277,0.3101,3.5745,0.4822,0.2554,0.0005,0.0058,0.0006,0.0082,0.0042,0.2049,0.0082,0.4995,VarianceParTree,zelnik5_y.zip
2,8,3,5,1000.0,inf,0.1,0.5416967868804932,0.3101,3.5745,0.4822,0.2554,0.0005,0.0058,0.0006,0.0082,0.0042,0.2049,0.0082,0.4995,VarianceParTree,zelnik5_y.zip
2,8,3,5,1000.0,inf,0.2,0.6559352874755859,0.3101,3.5745,0.4822,0.2554,0.0005,0.0058,0.0006,0.0082,0.0042,0.2049,0.0082,0.4995,VarianceParTree,zelnik5_y.zip
2,8,3,5,100.0,20.0,0.0,0.1802244186401367,0.2981,263.1403,1.3249,0.7252,0.3469,0.5571,0.4377,0.4418,0.4033,0.4886,0.4418,0.5419,VarianceParTree,zelnik5_y.zip
2,8,3,5,100.0,20.0,0.1,0.1778066158294677,0.2981,263.1403,1.3249,0.7252,0.3469,0.5571,0.4377,0.4418,0.4033,0.4886,0.4418,0.5419,VarianceParTree,zelnik5_y.zip
2,8,3,5,100.0,20.0,0.2,0.2252609729766845,0.2981,263.1403,1.3249,0.7252,0.3469,0.5571,0.4377,0.4418,0.4033,0.4886,0.4418,0.5419,VarianceParTree,zelnik5_y.zip
2,8,3,5,inf,100.0,0.0,0.700066089630127,0.3008,266.113,1.3173,0.7282,0.3522,0.5629,0.4419,0.446,0.4075,0.4925,0.446,0.545,VarianceParTree,zelnik5_y.zip
2,8,3,5,inf,100.0,0.1,0.7888278961181641,0.3008,266.113,1.3173,0.7282,0.3522,0.5629,0.4419,0.446,0.4075,0.4925,0.446,0.545,VarianceParTree,zelnik5_y.zip
2,8,3,5,inf,100.0,0.2,0.7048609256744385,0.3008,266.113,1.3173,0.7282,0.3522,0.5629,0.4419,0.446,0.4075,0.4925,0.446,0.545,VarianceParTree,zelnik5_y.zip
2,8,3,5,inf,20.0,0.0,0.8496198654174805,0.3008,266.113,1.3173,0.7282,0.3522,0.5629,0.4419,0.446,0.4075,0.4925,0.446,0.545,VarianceParTree,zelnik5_y.zip
2,8,3,5,inf,20.0,0.1,0.6908986568450928,0.3008,266.113,1.3173,0.7282,0.3522,0.5629,0.4419,0.446,0.4075,0.4925,0.446,0.545,VarianceParTree,zelnik5_y.zip
2,8,3,5,inf,20.0,0.2,0.6962769031524658,0.3008,266.113,1.3173,0.7282,0.3522,0.5629,0.4419,0.446,0.4075,0.4925,0.446,0.545,VarianceParTree,zelnik5_y.zip
2,8,3,5,inf,inf,0.0,0.5425009727478027,0.3101,3.5745,0.4822,0.2554,0.0005,0.0058,0.0006,0.0082,0.0042,0.2049,0.0082,0.4995,VarianceParTree,zelnik5_y.zip
2,8,3,5,inf,inf,0.1,0.532243013381958,0.3101,3.5745,0.4822,0.2554,0.0005,0.0058,0.0006,0.0082,0.0042,0.2049,0.0082,0.4995,VarianceParTree,zelnik5_y.zip
2,8,3,5,inf,inf,0.2,0.5307378768920898,0.3101,3.5745,0.4822,0.2554,0.0005,0.0058,0.0006,0.0082,0.0042,0.2049,0.0082,0.4995,VarianceParTree,zelnik5_y.zip
3,10,30,50,1000.0,100.0,0.0,1.248593807220459,0.2644,314.565,2.038,0.7683,0.3099,0.7554,0.4663,0.4724,0.5469,0.4158,0.4724,0.4584,VarianceParTree,zelnik5_y.zip
3,10,30,50,1000.0,100.0,0.1,1.374157190322876,0.2644,314.565,2.038,0.7683,0.3099,0.7554,0.4663,0.4724,0.5469,0.4158,0.4724,0.4584,VarianceParTree,zelnik5_y.zip
3,10,30,50,1000.0,100.0,0.2,1.3761603832244873,0.2644,314.565,2.038,0.7683,0.3099,0.7554,0.4663,0.4724,0.5469,0.4158,0.4724,0.4584,VarianceParTree,zelnik5_y.zip
3,10,30,50,1000.0,20.0,0.0,1.3968923091888428,0.2644,314.565,2.038,0.7683,0.3099,0.7554,0.4663,0.4724,0.5469,0.4158,0.4724,0.4584,VarianceParTree,zelnik5_y.zip
3,10,30,50,1000.0,20.0,0.1,1.2733416557312012,0.2644,314.565,2.038,0.7683,0.3099,0.7554,0.4663,0.4724,0.5469,0.4158,0.4724,0.4584,VarianceParTree,zelnik5_y.zip
3,10,30,50,1000.0,20.0,0.2,1.3929815292358398,0.2644,314.565,2.038,0.7683,0.3099,0.7554,0.4663,0.4724,0.5469,0.4158,0.4724,0.4584,VarianceParTree,zelnik5_y.zip
3,10,30,50,1000.0,inf,0.0,0.9161148071289062,0.3107,3.5768,0.4808,0.2575,0.0008,0.0087,0.0008,0.0122,0.0063,0.2054,0.0122,0.4987,VarianceParTree,zelnik5_y.zip
3,10,30,50,1000.0,inf,0.1,0.7679612636566162,0.3107,3.5768,0.4808,0.2575,0.0008,0.0087,0.0008,0.0122,0.0063,0.2054,0.0122,0.4987,VarianceParTree,zelnik5_y.zip
3,10,30,50,1000.0,inf,0.2,0.7818112373352051,0.3107,3.5768,0.4808,0.2575,0.0008,0.0087,0.0008,0.0122,0.0063,0.2054,0.0122,0.4987,VarianceParTree,zelnik5_y.zip
3,10,30,50,100.0,20.0,0.0,0.3233861923217773,0.2537,283.1899,2.1393,0.7916,0.4171,0.9183,0.5905,0.5953,0.6648,0.539,0.5953,0.5535,VarianceParTree,zelnik5_y.zip
3,10,30,50,100.0,20.0,0.1,0.2998824119567871,0.2537,283.1899,2.1393,0.7916,0.4171,0.9183,0.5905,0.5953,0.6648,0.539,0.5953,0.5535,VarianceParTree,zelnik5_y.zip
3,10,30,50,100.0,20.0,0.2,0.2902681827545166,0.2537,283.1899,2.1393,0.7916,0.4171,0.9183,0.5905,0.5953,0.6648,0.539,0.5953,0.5535,VarianceParTree,zelnik5_y.zip
3,10,30,50,inf,100.0,0.0,1.3613934516906738,0.2644,314.565,2.038,0.7683,0.3099,0.7554,0.4663,0.4724,0.5469,0.4158,0.4724,0.4584,VarianceParTree,zelnik5_y.zip
3,10,30,50,inf,100.0,0.1,1.3699722290039062,0.2644,314.565,2.038,0.7683,0.3099,0.7554,0.4663,0.4724,0.5469,0.4158,0.4724,0.4584,VarianceParTree,zelnik5_y.zip
3,10,30,50,inf,100.0,0.2,1.238081455230713,0.2644,314.565,2.038,0.7683,0.3099,0.7554,0.4663,0.4724,0.5469,0.4158,0.4724,0.4584,VarianceParTree,zelnik5_y.zip
3,10,30,50,inf,20.0,0.0,1.2616455554962158,0.2644,314.565,2.038,0.7683,0.3099,0.7554,0.4663,0.4724,0.5469,0.4158,0.4724,0.4584,VarianceParTree,zelnik5_y.zip
3,10,30,50,inf,20.0,0.1,1.4708271026611328,0.2644,314.565,2.038,0.7683,0.3099,0.7554,0.4663,0.4724,0.5469,0.4158,0.4724,0.4584,VarianceParTree,zelnik5_y.zip
3,10,30,50,inf,20.0,0.2,1.2412137985229492,0.2644,314.565,2.038,0.7683,0.3099,0.7554,0.4663,0.4724,0.5469,0.4158,0.4724,0.4584,VarianceParTree,zelnik5_y.zip
3,10,30,50,inf,inf,0.0,0.7813138961791992,0.3107,3.5768,0.4808,0.2575,0.0008,0.0087,0.0008,0.0122,0.0063,0.2054,0.0122,0.4987,VarianceParTree,zelnik5_y.zip
3,10,30,50,inf,inf,0.1,0.786674976348877,0.3107,3.5768,0.4808,0.2575,0.0008,0.0087,0.0008,0.0122,0.0063,0.2054,0.0122,0.4987,VarianceParTree,zelnik5_y.zip
3,10,30,50,inf,inf,0.2,0.9177355766296388,0.3107,3.5768,0.4808,0.2575,0.0008,0.0087,0.0008,0.0122,0.0063,0.2054,0.0122,0.4987,VarianceParTree,zelnik5_y.zip
3,10,30,5,1000.0,100.0,0.0,1.4528083801269531,0.2008,275.2405,1.121,0.7681,0.3091,0.7554,0.4631,0.4705,0.5469,0.4128,0.4705,0.4578,VarianceParTree,zelnik5_y.zip
3,10,30,5,1000.0,100.0,0.1,1.5310635566711426,0.2008,275.2405,1.121,0.7681,0.3091,0.7554,0.4631,0.4705,0.5469,0.4128,0.4705,0.4578,VarianceParTree,zelnik5_y.zip
3,10,30,5,1000.0,100.0,0.2,1.5607059001922607,0.2008,275.2405,1.121,0.7681,0.3091,0.7554,0.4631,0.4705,0.5469,0.4128,0.4705,0.4578,VarianceParTree,zelnik5_y.zip
3,10,30,5,1000.0,20.0,0.0,1.4224801063537598,0.2008,275.2405,1.121,0.7681,0.3091,0.7554,0.4631,0.4705,0.5469,0.4128,0.4705,0.4578,VarianceParTree,zelnik5_y.zip
3,10,30,5,1000.0,20.0,0.1,1.57303786277771,0.2008,275.2405,1.121,0.7681,0.3091,0.7554,0.4631,0.4705,0.5469,0.4128,0.4705,0.4578,VarianceParTree,zelnik5_y.zip
3,10,30,5,1000.0,20.0,0.2,1.561007022857666,0.2008,275.2405,1.121,0.7681,0.3091,0.7554,0.4631,0.4705,0.5469,0.4128,0.4705,0.4578,VarianceParTree,zelnik5_y.zip
3,10,30,5,1000.0,inf,0.0,0.7915589809417725,0.3107,3.5768,0.4808,0.2575,0.0008,0.0087,0.0008,0.0122,0.0063,0.2054,0.0122,0.4987,VarianceParTree,zelnik5_y.zip
3,10,30,5,1000.0,inf,0.1,0.8056142330169678,0.3107,3.5768,0.4808,0.2575,0.0008,0.0087,0.0008,0.0122,0.0063,0.2054,0.0122,0.4987,VarianceParTree,zelnik5_y.zip
3,10,30,5,1000.0,inf,0.2,0.9168386459350586,0.3107,3.5768,0.4808,0.2575,0.0008,0.0087,0.0008,0.0122,0.0063,0.2054,0.0122,0.4987,VarianceParTree,zelnik5_y.zip
3,10,30,5,100.0,20.0,0.0,0.3234825134277344,0.1937,247.464,1.2097,0.7914,0.4164,0.9183,0.5869,0.5928,0.6648,0.5349,0.5928,0.553,VarianceParTree,zelnik5_y.zip
3,10,30,5,100.0,20.0,0.1,0.3264243602752685,0.1937,247.464,1.2097,0.7914,0.4164,0.9183,0.5869,0.5928,0.6648,0.5349,0.5928,0.553,VarianceParTree,zelnik5_y.zip
3,10,30,5,100.0,20.0,0.2,0.3271689414978027,0.1937,247.464,1.2097,0.7914,0.4164,0.9183,0.5869,0.5928,0.6648,0.5349,0.5928,0.553,VarianceParTree,zelnik5_y.zip
3,10,30,5,inf,100.0,0.0,1.4322896003723145,0.2008,275.2405,1.121,0.7681,0.3091,0.7554,0.4631,0.4705,0.5469,0.4128,0.4705,0.4578,VarianceParTree,zelnik5_y.zip
3,10,30,5,inf,100.0,0.1,1.571117877960205,0.2008,275.2405,1.121,0.7681,0.3091,0.7554,0.4631,0.4705,0.5469,0.4128,0.4705,0.4578,VarianceParTree,zelnik5_y.zip
3,10,30,5,inf,100.0,0.2,1.5708575248718262,0.2008,275.2405,1.121,0.7681,0.3091,0.7554,0.4631,0.4705,0.5469,0.4128,0.4705,0.4578,VarianceParTree,zelnik5_y.zip
3,10,30,5,inf,20.0,0.0,1.5715184211730957,0.2008,275.2405,1.121,0.7681,0.3091,0.7554,0.4631,0.4705,0.5469,0.4128,0.4705,0.4578,VarianceParTree,zelnik5_y.zip
3,10,30,5,inf,20.0,0.1,1.55328106880188,0.2008,275.2405,1.121,0.7681,0.3091,0.7554,0.4631,0.4705,0.5469,0.4128,0.4705,0.4578,VarianceParTree,zelnik5_y.zip
3,10,30,5,inf,20.0,0.2,1.5128936767578125,0.2008,275.2405,1.121,0.7681,0.3091,0.7554,0.4631,0.4705,0.5469,0.4128,0.4705,0.4578,VarianceParTree,zelnik5_y.zip
3,10,30,5,inf,inf,0.0,0.943650722503662,0.3107,3.5768,0.4808,0.2575,0.0008,0.0087,0.0008,0.0122,0.0063,0.2054,0.0122,0.4987,VarianceParTree,zelnik5_y.zip
3,10,30,5,inf,inf,0.1,0.7745847702026367,0.3107,3.5768,0.4808,0.2575,0.0008,0.0087,0.0008,0.0122,0.0063,0.2054,0.0122,0.4987,VarianceParTree,zelnik5_y.zip
3,10,30,5,inf,inf,0.2,0.8047287464141846,0.3107,3.5768,0.4808,0.2575,0.0008,0.0087,0.0008,0.0122,0.0063,0.2054,0.0122,0.4987,VarianceParTree,zelnik5_y.zip
3,10,3,50,1000.0,100.0,0.0,1.271608829498291,0.2644,314.565,2.038,0.7683,0.3099,0.7554,0.4663,0.4724,0.5469,0.4158,0.4724,0.4584,VarianceParTree,zelnik5_y.zip
3,10,3,50,1000.0,100.0,0.1,1.3926160335540771,0.2644,314.565,2.038,0.7683,0.3099,0.7554,0.4663,0.4724,0.5469,0.4158,0.4724,0.4584,VarianceParTree,zelnik5_y.zip
3,10,3,50,1000.0,100.0,0.2,1.2621526718139648,0.2644,314.565,2.038,0.7683,0.3099,0.7554,0.4663,0.4724,0.5469,0.4158,0.4724,0.4584,VarianceParTree,zelnik5_y.zip
3,10,3,50,1000.0,20.0,0.0,1.2740888595581057,0.2644,314.565,2.038,0.7683,0.3099,0.7554,0.4663,0.4724,0.5469,0.4158,0.4724,0.4584,VarianceParTree,zelnik5_y.zip
3,10,3,50,1000.0,20.0,0.1,1.3605782985687256,0.2644,314.565,2.038,0.7683,0.3099,0.7554,0.4663,0.4724,0.5469,0.4158,0.4724,0.4584,VarianceParTree,zelnik5_y.zip
3,10,3,50,1000.0,20.0,0.2,1.3688287734985352,0.2644,314.565,2.038,0.7683,0.3099,0.7554,0.4663,0.4724,0.5469,0.4158,0.4724,0.4584,VarianceParTree,zelnik5_y.zip
3,10,3,50,1000.0,inf,0.0,0.7930045127868652,0.3107,3.5768,0.4808,0.2575,0.0008,0.0087,0.0008,0.0122,0.0063,0.2054,0.0122,0.4987,VarianceParTree,zelnik5_y.zip
3,10,3,50,1000.0,inf,0.1,0.7840559482574463,0.3107,3.5768,0.4808,0.2575,0.0008,0.0087,0.0008,0.0122,0.0063,0.2054,0.0122,0.4987,VarianceParTree,zelnik5_y.zip
3,10,3,50,1000.0,inf,0.2,0.9088447093963624,0.3107,3.5768,0.4808,0.2575,0.0008,0.0087,0.0008,0.0122,0.0063,0.2054,0.0122,0.4987,VarianceParTree,zelnik5_y.zip
3,10,3,50,100.0,20.0,0.0,0.2965764999389648,0.2537,283.1899,2.1393,0.7916,0.4171,0.9183,0.5905,0.5953,0.6648,0.539,0.5953,0.5535,VarianceParTree,zelnik5_y.zip
3,10,3,50,100.0,20.0,0.1,0.2950673103332519,0.2537,283.1899,2.1393,0.7916,0.4171,0.9183,0.5905,0.5953,0.6648,0.539,0.5953,0.5535,VarianceParTree,zelnik5_y.zip
3,10,3,50,100.0,20.0,0.2,0.2813606262207031,0.2537,283.1899,2.1393,0.7916,0.4171,0.9183,0.5905,0.5953,0.6648,0.539,0.5953,0.5535,VarianceParTree,zelnik5_y.zip
3,10,3,50,inf,100.0,0.0,1.3865866661071775,0.2644,314.565,2.038,0.7683,0.3099,0.7554,0.4663,0.4724,0.5469,0.4158,0.4724,0.4584,VarianceParTree,zelnik5_y.zip
3,10,3,50,inf,100.0,0.1,1.2553164958953855,0.2644,314.565,2.038,0.7683,0.3099,0.7554,0.4663,0.4724,0.5469,0.4158,0.4724,0.4584,VarianceParTree,zelnik5_y.zip
3,10,3,50,inf,100.0,0.2,1.4098937511444092,0.2644,314.565,2.038,0.7683,0.3099,0.7554,0.4663,0.4724,0.5469,0.4158,0.4724,0.4584,VarianceParTree,zelnik5_y.zip
3,10,3,50,inf,20.0,0.0,1.4515700340270996,0.2644,314.565,2.038,0.7683,0.3099,0.7554,0.4663,0.4724,0.5469,0.4158,0.4724,0.4584,VarianceParTree,zelnik5_y.zip
3,10,3,50,inf,20.0,0.1,1.2674152851104736,0.2644,314.565,2.038,0.7683,0.3099,0.7554,0.4663,0.4724,0.5469,0.4158,0.4724,0.4584,VarianceParTree,zelnik5_y.zip
3,10,3,50,inf,20.0,0.2,1.3702852725982666,0.2644,314.565,2.038,0.7683,0.3099,0.7554,0.4663,0.4724,0.5469,0.4158,0.4724,0.4584,VarianceParTree,zelnik5_y.zip
3,10,3,50,inf,inf,0.0,0.9172689914703368,0.3107,3.5768,0.4808,0.2575,0.0008,0.0087,0.0008,0.0122,0.0063,0.2054,0.0122,0.4987,VarianceParTree,zelnik5_y.zip
3,10,3,50,inf,inf,0.1,0.7628974914550781,0.3107,3.5768,0.4808,0.2575,0.0008,0.0087,0.0008,0.0122,0.0063,0.2054,0.0122,0.4987,VarianceParTree,zelnik5_y.zip
3,10,3,50,inf,inf,0.2,0.778228759765625,0.3107,3.5768,0.4808,0.2575,0.0008,0.0087,0.0008,0.0122,0.0063,0.2054,0.0122,0.4987,VarianceParTree,zelnik5_y.zip
3,10,3,5,1000.0,100.0,0.0,1.5638093948364258,0.2008,275.2405,1.121,0.7681,0.3091,0.7554,0.4631,0.4705,0.5469,0.4128,0.4705,0.4578,VarianceParTree,zelnik5_y.zip
3,10,3,5,1000.0,100.0,0.1,1.4333412647247314,0.2008,275.2405,1.121,0.7681,0.3091,0.7554,0.4631,0.4705,0.5469,0.4128,0.4705,0.4578,VarianceParTree,zelnik5_y.zip
3,10,3,5,1000.0,100.0,0.2,1.543205976486206,0.2008,275.2405,1.121,0.7681,0.3091,0.7554,0.4631,0.4705,0.5469,0.4128,0.4705,0.4578,VarianceParTree,zelnik5_y.zip
3,10,3,5,1000.0,20.0,0.0,1.568011999130249,0.2008,275.2405,1.121,0.7681,0.3091,0.7554,0.4631,0.4705,0.5469,0.4128,0.4705,0.4578,VarianceParTree,zelnik5_y.zip
3,10,3,5,1000.0,20.0,0.1,1.4509589672088623,0.2008,275.2405,1.121,0.7681,0.3091,0.7554,0.4631,0.4705,0.5469,0.4128,0.4705,0.4578,VarianceParTree,zelnik5_y.zip
3,10,3,5,1000.0,20.0,0.2,1.5459928512573242,0.2008,275.2405,1.121,0.7681,0.3091,0.7554,0.4631,0.4705,0.5469,0.4128,0.4705,0.4578,VarianceParTree,zelnik5_y.zip
3,10,3,5,1000.0,inf,0.0,0.7931075096130371,0.3107,3.5768,0.4808,0.2575,0.0008,0.0087,0.0008,0.0122,0.0063,0.2054,0.0122,0.4987,VarianceParTree,zelnik5_y.zip
3,10,3,5,1000.0,inf,0.1,0.9118826389312744,0.3107,3.5768,0.4808,0.2575,0.0008,0.0087,0.0008,0.0122,0.0063,0.2054,0.0122,0.4987,VarianceParTree,zelnik5_y.zip
3,10,3,5,1000.0,inf,0.2,0.8035051822662354,0.3107,3.5768,0.4808,0.2575,0.0008,0.0087,0.0008,0.0122,0.0063,0.2054,0.0122,0.4987,VarianceParTree,zelnik5_y.zip
3,10,3,5,100.0,20.0,0.0,0.3264665603637695,0.1937,247.464,1.2097,0.7914,0.4164,0.9183,0.5869,0.5928,0.6648,0.5349,0.5928,0.553,VarianceParTree,zelnik5_y.zip
3,10,3,5,100.0,20.0,0.1,0.3345158100128174,0.1937,247.464,1.2097,0.7914,0.4164,0.9183,0.5869,0.5928,0.6648,0.5349,0.5928,0.553,VarianceParTree,zelnik5_y.zip
3,10,3,5,100.0,20.0,0.2,0.3275332450866699,0.1937,247.464,1.2097,0.7914,0.4164,0.9183,0.5869,0.5928,0.6648,0.5349,0.5928,0.553,VarianceParTree,zelnik5_y.zip
3,10,3,5,inf,100.0,0.0,1.5222845077514648,0.2008,275.2405,1.121,0.7681,0.3091,0.7554,0.4631,0.4705,0.5469,0.4128,0.4705,0.4578,VarianceParTree,zelnik5_y.zip
3,10,3,5,inf,100.0,0.1,1.4410996437072754,0.2008,275.2405,1.121,0.7681,0.3091,0.7554,0.4631,0.4705,0.5469,0.4128,0.4705,0.4578,VarianceParTree,zelnik5_y.zip
3,10,3,5,inf,100.0,0.2,1.5458998680114746,0.2008,275.2405,1.121,0.7681,0.3091,0.7554,0.4631,0.4705,0.5469,0.4128,0.4705,0.4578,VarianceParTree,zelnik5_y.zip
3,10,3,5,inf,20.0,0.0,1.5527675151824951,0.2008,275.2405,1.121,0.7681,0.3091,0.7554,0.4631,0.4705,0.5469,0.4128,0.4705,0.4578,VarianceParTree,zelnik5_y.zip
3,10,3,5,inf,20.0,0.1,1.3756906986236572,0.2008,275.2405,1.121,0.7681,0.3091,0.7554,0.4631,0.4705,0.5469,0.4128,0.4705,0.4578,VarianceParTree,zelnik5_y.zip
3,10,3,5,inf,20.0,0.2,1.5781338214874268,0.2008,275.2405,1.121,0.7681,0.3091,0.7554,0.4631,0.4705,0.5469,0.4128,0.4705,0.4578,VarianceParTree,zelnik5_y.zip
3,10,3,5,inf,inf,0.0,0.7983946800231934,0.3107,3.5768,0.4808,0.2575,0.0008,0.0087,0.0008,0.0122,0.0063,0.2054,0.0122,0.4987,VarianceParTree,zelnik5_y.zip
3,10,3,5,inf,inf,0.1,0.9253461360931396,0.3107,3.5768,0.4808,0.2575,0.0008,0.0087,0.0008,0.0122,0.0063,0.2054,0.0122,0.4987,VarianceParTree,zelnik5_y.zip
3,10,3,5,inf,inf,0.2,0.7910120487213135,0.3107,3.5768,0.4808,0.2575,0.0008,0.0087,0.0008,0.0122,0.0063,0.2054,0.0122,0.4987,VarianceParTree,zelnik5_y.zip
3,12,30,50,1000.0,100.0,0.0,1.3747177124023438,0.2644,314.565,2.038,0.7683,0.3099,0.7554,0.4663,0.4724,0.5469,0.4158,0.4724,0.4584,VarianceParTree,zelnik5_y.zip
3,12,30,50,1000.0,100.0,0.1,1.4045920372009275,0.2644,314.565,2.038,0.7683,0.3099,0.7554,0.4663,0.4724,0.5469,0.4158,0.4724,0.4584,VarianceParTree,zelnik5_y.zip
3,12,30,50,1000.0,100.0,0.2,1.2476894855499268,0.2644,314.565,2.038,0.7683,0.3099,0.7554,0.4663,0.4724,0.5469,0.4158,0.4724,0.4584,VarianceParTree,zelnik5_y.zip
3,12,30,50,1000.0,20.0,0.0,1.2606165409088137,0.2644,314.565,2.038,0.7683,0.3099,0.7554,0.4663,0.4724,0.5469,0.4158,0.4724,0.4584,VarianceParTree,zelnik5_y.zip
3,12,30,50,1000.0,20.0,0.1,1.3945319652557373,0.2644,314.565,2.038,0.7683,0.3099,0.7554,0.4663,0.4724,0.5469,0.4158,0.4724,0.4584,VarianceParTree,zelnik5_y.zip
3,12,30,50,1000.0,20.0,0.2,1.2729241847991943,0.2644,314.565,2.038,0.7683,0.3099,0.7554,0.4663,0.4724,0.5469,0.4158,0.4724,0.4584,VarianceParTree,zelnik5_y.zip
3,12,30,50,1000.0,inf,0.0,0.8032712936401367,0.3107,3.5768,0.4808,0.2575,0.0008,0.0087,0.0008,0.0122,0.0063,0.2054,0.0122,0.4987,VarianceParTree,zelnik5_y.zip
3,12,30,50,1000.0,inf,0.1,0.7960972785949707,0.3107,3.5768,0.4808,0.2575,0.0008,0.0087,0.0008,0.0122,0.0063,0.2054,0.0122,0.4987,VarianceParTree,zelnik5_y.zip
3,12,30,50,1000.0,inf,0.2,0.8912525177001953,0.3107,3.5768,0.4808,0.2575,0.0008,0.0087,0.0008,0.0122,0.0063,0.2054,0.0122,0.4987,VarianceParTree,zelnik5_y.zip
3,12,30,50,100.0,20.0,0.0,0.2966959476470947,0.2537,283.1899,2.1393,0.7916,0.4171,0.9183,0.5905,0.5953,0.6648,0.539,0.5953,0.5535,VarianceParTree,zelnik5_y.zip
3,12,30,50,100.0,20.0,0.1,0.303520917892456,0.2537,283.1899,2.1393,0.7916,0.4171,0.9183,0.5905,0.5953,0.6648,0.539,0.5953,0.5535,VarianceParTree,zelnik5_y.zip
3,12,30,50,100.0,20.0,0.2,0.2839529514312744,0.2537,283.1899,2.1393,0.7916,0.4171,0.9183,0.5905,0.5953,0.6648,0.539,0.5953,0.5535,VarianceParTree,zelnik5_y.zip
3,12,30,50,inf,100.0,0.0,1.408543586730957,0.2644,314.565,2.038,0.7683,0.3099,0.7554,0.4663,0.4724,0.5469,0.4158,0.4724,0.4584,VarianceParTree,zelnik5_y.zip
3,12,30,50,inf,100.0,0.1,1.2518270015716553,0.2644,314.565,2.038,0.7683,0.3099,0.7554,0.4663,0.4724,0.5469,0.4158,0.4724,0.4584,VarianceParTree,zelnik5_y.zip
3,12,30,50,inf,100.0,0.2,1.413698673248291,0.2644,314.565,2.038,0.7683,0.3099,0.7554,0.4663,0.4724,0.5469,0.4158,0.4724,0.4584,VarianceParTree,zelnik5_y.zip
3,12,30,50,inf,20.0,0.0,1.400058031082153,0.2644,314.565,2.038,0.7683,0.3099,0.7554,0.4663,0.4724,0.5469,0.4158,0.4724,0.4584,VarianceParTree,zelnik5_y.zip
3,12,30,50,inf,20.0,0.1,1.2646589279174805,0.2644,314.565,2.038,0.7683,0.3099,0.7554,0.4663,0.4724,0.5469,0.4158,0.4724,0.4584,VarianceParTree,zelnik5_y.zip
3,12,30,50,inf,20.0,0.2,1.3676903247833252,0.2644,314.565,2.038,0.7683,0.3099,0.7554,0.4663,0.4724,0.5469,0.4158,0.4724,0.4584,VarianceParTree,zelnik5_y.zip
3,12,30,50,inf,inf,0.0,0.9212987422943116,0.3107,3.5768,0.4808,0.2575,0.0008,0.0087,0.0008,0.0122,0.0063,0.2054,0.0122,0.4987,VarianceParTree,zelnik5_y.zip
3,12,30,50,inf,inf,0.1,0.7931785583496094,0.3107,3.5768,0.4808,0.2575,0.0008,0.0087,0.0008,0.0122,0.0063,0.2054,0.0122,0.4987,VarianceParTree,zelnik5_y.zip
3,12,30,50,inf,inf,0.2,0.7830116748809814,0.3107,3.5768,0.4808,0.2575,0.0008,0.0087,0.0008,0.0122,0.0063,0.2054,0.0122,0.4987,VarianceParTree,zelnik5_y.zip
3,12,30,5,1000.0,100.0,0.0,1.579026699066162,0.2008,275.2405,1.121,0.7681,0.3091,0.7554,0.4631,0.4705,0.5469,0.4128,0.4705,0.4578,VarianceParTree,zelnik5_y.zip
3,12,30,5,1000.0,100.0,0.1,1.4095544815063477,0.2008,275.2405,1.121,0.7681,0.3091,0.7554,0.4631,0.4705,0.5469,0.4128,0.4705,0.4578,VarianceParTree,zelnik5_y.zip
3,12,30,5,1000.0,100.0,0.2,1.5643022060394287,0.2008,275.2405,1.121,0.7681,0.3091,0.7554,0.4631,0.4705,0.5469,0.4128,0.4705,0.4578,VarianceParTree,zelnik5_y.zip
3,12,30,5,1000.0,20.0,0.0,1.5511910915374756,0.2008,275.2405,1.121,0.7681,0.3091,0.7554,0.4631,0.4705,0.5469,0.4128,0.4705,0.4578,VarianceParTree,zelnik5_y.zip
3,12,30,5,1000.0,20.0,0.1,1.3801796436309814,0.2008,275.2405,1.121,0.7681,0.3091,0.7554,0.4631,0.4705,0.5469,0.4128,0.4705,0.4578,VarianceParTree,zelnik5_y.zip
3,12,30,5,1000.0,20.0,0.2,1.5364503860473633,0.2008,275.2405,1.121,0.7681,0.3091,0.7554,0.4631,0.4705,0.5469,0.4128,0.4705,0.4578,VarianceParTree,zelnik5_y.zip
3,12,30,5,1000.0,inf,0.0,0.7600493431091309,0.3107,3.5768,0.4808,0.2575,0.0008,0.0087,0.0008,0.0122,0.0063,0.2054,0.0122,0.4987,VarianceParTree,zelnik5_y.zip
3,12,30,5,1000.0,inf,0.1,0.939192533493042,0.3107,3.5768,0.4808,0.2575,0.0008,0.0087,0.0008,0.0122,0.0063,0.2054,0.0122,0.4987,VarianceParTree,zelnik5_y.zip
3,12,30,5,1000.0,inf,0.2,0.7911422252655029,0.3107,3.5768,0.4808,0.2575,0.0008,0.0087,0.0008,0.0122,0.0063,0.2054,0.0122,0.4987,VarianceParTree,zelnik5_y.zip
3,12,30,5,100.0,20.0,0.0,0.3241760730743408,0.1937,247.464,1.2097,0.7914,0.4164,0.9183,0.5869,0.5928,0.6648,0.5349,0.5928,0.553,VarianceParTree,zelnik5_y.zip
3,12,30,5,100.0,20.0,0.1,0.3297898769378662,0.1937,247.464,1.2097,0.7914,0.4164,0.9183,0.5869,0.5928,0.6648,0.5349,0.5928,0.553,VarianceParTree,zelnik5_y.zip
3,12,30,5,100.0,20.0,0.2,0.3555018901824951,0.1937,247.464,1.2097,0.7914,0.4164,0.9183,0.5869,0.5928,0.6648,0.5349,0.5928,0.553,VarianceParTree,zelnik5_y.zip
3,12,30,5,inf,100.0,0.0,1.5590875148773191,0.2008,275.2405,1.121,0.7681,0.3091,0.7554,0.4631,0.4705,0.5469,0.4128,0.4705,0.4578,VarianceParTree,zelnik5_y.zip
3,12,30,5,inf,100.0,0.1,1.4533698558807373,0.2008,275.2405,1.121,0.7681,0.3091,0.7554,0.4631,0.4705,0.5469,0.4128,0.4705,0.4578,VarianceParTree,zelnik5_y.zip
3,12,30,5,inf,100.0,0.2,1.5472471714019775,0.2008,275.2405,1.121,0.7681,0.3091,0.7554,0.4631,0.4705,0.5469,0.4128,0.4705,0.4578,VarianceParTree,zelnik5_y.zip
3,12,30,5,inf,20.0,0.0,1.5644874572753906,0.2008,275.2405,1.121,0.7681,0.3091,0.7554,0.4631,0.4705,0.5469,0.4128,0.4705,0.4578,VarianceParTree,zelnik5_y.zip
3,12,30,5,inf,20.0,0.1,1.425120830535889,0.2008,275.2405,1.121,0.7681,0.3091,0.7554,0.4631,0.4705,0.5469,0.4128,0.4705,0.4578,VarianceParTree,zelnik5_y.zip
3,12,30,5,inf,20.0,0.2,1.547050714492798,0.2008,275.2405,1.121,0.7681,0.3091,0.7554,0.4631,0.4705,0.5469,0.4128,0.4705,0.4578,VarianceParTree,zelnik5_y.zip
3,12,30,5,inf,inf,0.0,0.7836155891418457,0.3107,3.5768,0.4808,0.2575,0.0008,0.0087,0.0008,0.0122,0.0063,0.2054,0.0122,0.4987,VarianceParTree,zelnik5_y.zip
3,12,30,5,inf,inf,0.1,0.9087843894958496,0.3107,3.5768,0.4808,0.2575,0.0008,0.0087,0.0008,0.0122,0.0063,0.2054,0.0122,0.4987,VarianceParTree,zelnik5_y.zip
3,12,30,5,inf,inf,0.2,0.799462080001831,0.3107,3.5768,0.4808,0.2575,0.0008,0.0087,0.0008,0.0122,0.0063,0.2054,0.0122,0.4987,VarianceParTree,zelnik5_y.zip
3,12,3,50,1000.0,100.0,0.0,1.4306273460388184,0.2644,314.565,2.038,0.7683,0.3099,0.7554,0.4663,0.4724,0.5469,0.4158,0.4724,0.4584,VarianceParTree,zelnik5_y.zip
3,12,3,50,1000.0,100.0,0.1,1.276357650756836,0.2644,314.565,2.038,0.7683,0.3099,0.7554,0.4663,0.4724,0.5469,0.4158,0.4724,0.4584,VarianceParTree,zelnik5_y.zip
3,12,3,50,1000.0,100.0,0.2,1.3728713989257812,0.2644,314.565,2.038,0.7683,0.3099,0.7554,0.4663,0.4724,0.5469,0.4158,0.4724,0.4584,VarianceParTree,zelnik5_y.zip
3,12,3,50,1000.0,20.0,0.0,1.3993518352508545,0.2644,314.565,2.038,0.7683,0.3099,0.7554,0.4663,0.4724,0.5469,0.4158,0.4724,0.4584,VarianceParTree,zelnik5_y.zip
3,12,3,50,1000.0,20.0,0.1,1.4100990295410156,0.2644,314.565,2.038,0.7683,0.3099,0.7554,0.4663,0.4724,0.5469,0.4158,0.4724,0.4584,VarianceParTree,zelnik5_y.zip
3,12,3,50,1000.0,20.0,0.2,1.2589430809020996,0.2644,314.565,2.038,0.7683,0.3099,0.7554,0.4663,0.4724,0.5469,0.4158,0.4724,0.4584,VarianceParTree,zelnik5_y.zip
3,12,3,50,1000.0,inf,0.0,0.9076333045959472,0.3107,3.5768,0.4808,0.2575,0.0008,0.0087,0.0008,0.0122,0.0063,0.2054,0.0122,0.4987,VarianceParTree,zelnik5_y.zip
3,12,3,50,1000.0,inf,0.1,0.7797789573669434,0.3107,3.5768,0.4808,0.2575,0.0008,0.0087,0.0008,0.0122,0.0063,0.2054,0.0122,0.4987,VarianceParTree,zelnik5_y.zip
3,12,3,50,1000.0,inf,0.2,0.781909704208374,0.3107,3.5768,0.4808,0.2575,0.0008,0.0087,0.0008,0.0122,0.0063,0.2054,0.0122,0.4987,VarianceParTree,zelnik5_y.zip
3,12,3,50,100.0,20.0,0.0,0.2907862663269043,0.2537,283.1899,2.1393,0.7916,0.4171,0.9183,0.5905,0.5953,0.6648,0.539,0.5953,0.5535,VarianceParTree,zelnik5_y.zip
3,12,3,50,100.0,20.0,0.1,0.3061320781707763,0.2537,283.1899,2.1393,0.7916,0.4171,0.9183,0.5905,0.5953,0.6648,0.539,0.5953,0.5535,VarianceParTree,zelnik5_y.zip
3,12,3,50,100.0,20.0,0.2,0.2936506271362304,0.2537,283.1899,2.1393,0.7916,0.4171,0.9183,0.5905,0.5953,0.6648,0.539,0.5953,0.5535,VarianceParTree,zelnik5_y.zip
3,12,3,50,inf,100.0,0.0,1.267439365386963,0.2644,314.565,2.038,0.7683,0.3099,0.7554,0.4663,0.4724,0.5469,0.4158,0.4724,0.4584,VarianceParTree,zelnik5_y.zip
3,12,3,50,inf,100.0,0.1,1.3972446918487549,0.2644,314.565,2.038,0.7683,0.3099,0.7554,0.4663,0.4724,0.5469,0.4158,0.4724,0.4584,VarianceParTree,zelnik5_y.zip
3,12,3,50,inf,100.0,0.2,1.278282642364502,0.2644,314.565,2.038,0.7683,0.3099,0.7554,0.4663,0.4724,0.5469,0.4158,0.4724,0.4584,VarianceParTree,zelnik5_y.zip
3,12,3,50,inf,20.0,0.0,1.292583703994751,0.2644,314.565,2.038,0.7683,0.3099,0.7554,0.4663,0.4724,0.5469,0.4158,0.4724,0.4584,VarianceParTree,zelnik5_y.zip
3,12,3,50,inf,20.0,0.1,1.3819115161895752,0.2644,314.565,2.038,0.7683,0.3099,0.7554,0.4663,0.4724,0.5469,0.4158,0.4724,0.4584,VarianceParTree,zelnik5_y.zip
3,12,3,50,inf,20.0,0.2,1.3879077434539795,0.2644,314.565,2.038,0.7683,0.3099,0.7554,0.4663,0.4724,0.5469,0.4158,0.4724,0.4584,VarianceParTree,zelnik5_y.zip
3,12,3,50,inf,inf,0.0,0.7845818996429443,0.3107,3.5768,0.4808,0.2575,0.0008,0.0087,0.0008,0.0122,0.0063,0.2054,0.0122,0.4987,VarianceParTree,zelnik5_y.zip
3,12,3,50,inf,inf,0.1,0.8975789546966553,0.3107,3.5768,0.4808,0.2575,0.0008,0.0087,0.0008,0.0122,0.0063,0.2054,0.0122,0.4987,VarianceParTree,zelnik5_y.zip
3,12,3,50,inf,inf,0.2,0.8198156356811523,0.3107,3.5768,0.4808,0.2575,0.0008,0.0087,0.0008,0.0122,0.0063,0.2054,0.0122,0.4987,VarianceParTree,zelnik5_y.zip
3,12,3,5,1000.0,100.0,0.0,1.543977975845337,0.2008,275.2405,1.121,0.7681,0.3091,0.7554,0.4631,0.4705,0.5469,0.4128,0.4705,0.4578,VarianceParTree,zelnik5_y.zip
3,12,3,5,1000.0,100.0,0.1,1.4507834911346436,0.2008,275.2405,1.121,0.7681,0.3091,0.7554,0.4631,0.4705,0.5469,0.4128,0.4705,0.4578,VarianceParTree,zelnik5_y.zip
3,12,3,5,1000.0,100.0,0.2,1.5578417778015137,0.2008,275.2405,1.121,0.7681,0.3091,0.7554,0.4631,0.4705,0.5469,0.4128,0.4705,0.4578,VarianceParTree,zelnik5_y.zip
3,12,3,5,1000.0,20.0,0.0,1.40423846244812,0.2008,275.2405,1.121,0.7681,0.3091,0.7554,0.4631,0.4705,0.5469,0.4128,0.4705,0.4578,VarianceParTree,zelnik5_y.zip
3,12,3,5,1000.0,20.0,0.1,1.5227856636047363,0.2008,275.2405,1.121,0.7681,0.3091,0.7554,0.4631,0.4705,0.5469,0.4128,0.4705,0.4578,VarianceParTree,zelnik5_y.zip
3,12,3,5,1000.0,20.0,0.2,1.5417425632476809,0.2008,275.2405,1.121,0.7681,0.3091,0.7554,0.4631,0.4705,0.5469,0.4128,0.4705,0.4578,VarianceParTree,zelnik5_y.zip
3,12,3,5,1000.0,inf,0.0,0.7840156555175781,0.3107,3.5768,0.4808,0.2575,0.0008,0.0087,0.0008,0.0122,0.0063,0.2054,0.0122,0.4987,VarianceParTree,zelnik5_y.zip
3,12,3,5,1000.0,inf,0.1,0.7725620269775391,0.3107,3.5768,0.4808,0.2575,0.0008,0.0087,0.0008,0.0122,0.0063,0.2054,0.0122,0.4987,VarianceParTree,zelnik5_y.zip
3,12,3,5,1000.0,inf,0.2,0.915030002593994,0.3107,3.5768,0.4808,0.2575,0.0008,0.0087,0.0008,0.0122,0.0063,0.2054,0.0122,0.4987,VarianceParTree,zelnik5_y.zip
3,12,3,5,100.0,20.0,0.0,0.3263449668884277,0.1937,247.464,1.2097,0.7914,0.4164,0.9183,0.5869,0.5928,0.6648,0.5349,0.5928,0.553,VarianceParTree,zelnik5_y.zip
3,12,3,5,100.0,20.0,0.1,0.318366527557373,0.1937,247.464,1.2097,0.7914,0.4164,0.9183,0.5869,0.5928,0.6648,0.5349,0.5928,0.553,VarianceParTree,zelnik5_y.zip
3,12,3,5,100.0,20.0,0.2,0.32867431640625,0.1937,247.464,1.2097,0.7914,0.4164,0.9183,0.5869,0.5928,0.6648,0.5349,0.5928,0.553,VarianceParTree,zelnik5_y.zip
3,12,3,5,inf,100.0,0.0,1.3952677249908447,0.2008,275.2405,1.121,0.7681,0.3091,0.7554,0.4631,0.4705,0.5469,0.4128,0.4705,0.4578,VarianceParTree,zelnik5_y.zip
3,12,3,5,inf,100.0,0.1,1.538334846496582,0.2008,275.2405,1.121,0.7681,0.3091,0.7554,0.4631,0.4705,0.5469,0.4128,0.4705,0.4578,VarianceParTree,zelnik5_y.zip
3,12,3,5,inf,100.0,0.2,1.558351755142212,0.2008,275.2405,1.121,0.7681,0.3091,0.7554,0.4631,0.4705,0.5469,0.4128,0.4705,0.4578,VarianceParTree,zelnik5_y.zip
3,12,3,5,inf,20.0,0.0,1.420384168624878,0.2008,275.2405,1.121,0.7681,0.3091,0.7554,0.4631,0.4705,0.5469,0.4128,0.4705,0.4578,VarianceParTree,zelnik5_y.zip
3,12,3,5,inf,20.0,0.1,1.5657939910888672,0.2008,275.2405,1.121,0.7681,0.3091,0.7554,0.4631,0.4705,0.5469,0.4128,0.4705,0.4578,VarianceParTree,zelnik5_y.zip
3,12,3,5,inf,20.0,0.2,1.5448520183563232,0.2008,275.2405,1.121,0.7681,0.3091,0.7554,0.4631,0.4705,0.5469,0.4128,0.4705,0.4578,VarianceParTree,zelnik5_y.zip
3,12,3,5,inf,inf,0.0,0.7796690464019775,0.3107,3.5768,0.4808,0.2575,0.0008,0.0087,0.0008,0.0122,0.0063,0.2054,0.0122,0.4987,VarianceParTree,zelnik5_y.zip
3,12,3,5,inf,inf,0.1,0.8029589653015137,0.3107,3.5768,0.4808,0.2575,0.0008,0.0087,0.0008,0.0122,0.0063,0.2054,0.0122,0.4987,VarianceParTree,zelnik5_y.zip
3,12,3,5,inf,inf,0.2,0.9261696338653564,0.3107,3.5768,0.4808,0.2575,0.0008,0.0087,0.0008,0.0122,0.0063,0.2054,0.0122,0.4987,VarianceParTree,zelnik5_y.zip
3,2,30,50,1000.0,100.0,0.0,0.2711875438690185,0.3394,251.819,1.0811,0.6297,0.2861,0.4549,0.4453,0.4469,0.3293,0.6953,0.4469,0.5694,VarianceParTree,zelnik5_y.zip
3,2,30,50,1000.0,100.0,0.1,0.2685389518737793,0.3394,251.819,1.0811,0.6297,0.2861,0.4549,0.4453,0.4469,0.3293,0.6953,0.4469,0.5694,VarianceParTree,zelnik5_y.zip
3,2,30,50,1000.0,100.0,0.2,0.2623608112335205,0.3394,251.819,1.0811,0.6297,0.2861,0.4549,0.4453,0.4469,0.3293,0.6953,0.4469,0.5694,VarianceParTree,zelnik5_y.zip
3,2,30,50,1000.0,20.0,0.0,0.2672023773193359,0.3394,251.819,1.0811,0.6297,0.2861,0.4549,0.4453,0.4469,0.3293,0.6953,0.4469,0.5694,VarianceParTree,zelnik5_y.zip
3,2,30,50,1000.0,20.0,0.1,0.2589623928070068,0.3394,251.819,1.0811,0.6297,0.2861,0.4549,0.4453,0.4469,0.3293,0.6953,0.4469,0.5694,VarianceParTree,zelnik5_y.zip
3,2,30,50,1000.0,20.0,0.2,0.3951756954193115,0.3394,251.819,1.0811,0.6297,0.2861,0.4549,0.4453,0.4469,0.3293,0.6953,0.4469,0.5694,VarianceParTree,zelnik5_y.zip
3,2,30,50,1000.0,inf,0.0,0.2748246192932129,0.3202,3.6314,0.4768,0.2532,0.0003,0.0029,0.0003,0.0041,0.0021,0.2044,0.0041,0.5003,VarianceParTree,zelnik5_y.zip
3,2,30,50,1000.0,inf,0.1,0.2648003101348877,0.3202,3.6314,0.4768,0.2532,0.0003,0.0029,0.0003,0.0041,0.0021,0.2044,0.0041,0.5003,VarianceParTree,zelnik5_y.zip
3,2,30,50,1000.0,inf,0.2,0.2563779354095459,0.3202,3.6314,0.4768,0.2532,0.0003,0.0029,0.0003,0.0041,0.0021,0.2044,0.0041,0.5003,VarianceParTree,zelnik5_y.zip
3,2,30,50,100.0,20.0,0.0,0.0634174346923828,0.3352,246.4044,1.0798,0.627,0.2839,0.4532,0.4447,0.4463,0.3281,0.6977,0.4463,0.5694,VarianceParTree,zelnik5_y.zip
3,2,30,50,100.0,20.0,0.1,0.0627694129943847,0.3352,246.4044,1.0798,0.627,0.2839,0.4532,0.4447,0.4463,0.3281,0.6977,0.4463,0.5694,VarianceParTree,zelnik5_y.zip
3,2,30,50,100.0,20.0,0.2,0.0650618076324462,0.3352,246.4044,1.0798,0.627,0.2839,0.4532,0.4447,0.4463,0.3281,0.6977,0.4463,0.5694,VarianceParTree,zelnik5_y.zip
3,2,30,50,inf,100.0,0.0,0.2682797908782959,0.3394,251.819,1.0811,0.6297,0.2861,0.4549,0.4453,0.4469,0.3293,0.6953,0.4469,0.5694,VarianceParTree,zelnik5_y.zip
3,2,30,50,inf,100.0,0.1,0.2668960094451904,0.3394,251.819,1.0811,0.6297,0.2861,0.4549,0.4453,0.4469,0.3293,0.6953,0.4469,0.5694,VarianceParTree,zelnik5_y.zip
3,2,30,50,inf,100.0,0.2,0.277733564376831,0.3394,251.819,1.0811,0.6297,0.2861,0.4549,0.4453,0.4469,0.3293,0.6953,0.4469,0.5694,VarianceParTree,zelnik5_y.zip
3,2,30,50,inf,20.0,0.0,0.2734863758087158,0.3394,251.819,1.0811,0.6297,0.2861,0.4549,0.4453,0.4469,0.3293,0.6953,0.4469,0.5694,VarianceParTree,zelnik5_y.zip
3,2,30,50,inf,20.0,0.1,0.3896894454956054,0.3394,251.819,1.0811,0.6297,0.2861,0.4549,0.4453,0.4469,0.3293,0.6953,0.4469,0.5694,VarianceParTree,zelnik5_y.zip
3,2,30,50,inf,20.0,0.2,0.2663769721984863,0.3394,251.819,1.0811,0.6297,0.2861,0.4549,0.4453,0.4469,0.3293,0.6953,0.4469,0.5694,VarianceParTree,zelnik5_y.zip
3,2,30,50,inf,inf,0.0,0.2756397724151611,0.3202,3.6314,0.4768,0.2532,0.0003,0.0029,0.0003,0.0041,0.0021,0.2044,0.0041,0.5003,VarianceParTree,zelnik5_y.zip
3,2,30,50,inf,inf,0.1,0.2696795463562011,0.3202,3.6314,0.4768,0.2532,0.0003,0.0029,0.0003,0.0041,0.0021,0.2044,0.0041,0.5003,VarianceParTree,zelnik5_y.zip
3,2,30,50,inf,inf,0.2,0.2706170082092285,0.3202,3.6314,0.4768,0.2532,0.0003,0.0029,0.0003,0.0041,0.0021,0.2044,0.0041,0.5003,VarianceParTree,zelnik5_y.zip
3,2,30,5,1000.0,100.0,0.0,0.2758774757385254,0.3394,251.819,1.0811,0.6297,0.2861,0.4549,0.4453,0.4469,0.3293,0.6953,0.4469,0.5694,VarianceParTree,zelnik5_y.zip
3,2,30,5,1000.0,100.0,0.1,0.2612409591674804,0.3394,251.819,1.0811,0.6297,0.2861,0.4549,0.4453,0.4469,0.3293,0.6953,0.4469,0.5694,VarianceParTree,zelnik5_y.zip
3,2,30,5,1000.0,100.0,0.2,0.2728097438812256,0.3394,251.819,1.0811,0.6297,0.2861,0.4549,0.4453,0.4469,0.3293,0.6953,0.4469,0.5694,VarianceParTree,zelnik5_y.zip
3,2,30,5,1000.0,20.0,0.0,0.2671980857849121,0.3394,251.819,1.0811,0.6297,0.2861,0.4549,0.4453,0.4469,0.3293,0.6953,0.4469,0.5694,VarianceParTree,zelnik5_y.zip
3,2,30,5,1000.0,20.0,0.1,0.2666919231414795,0.3394,251.819,1.0811,0.6297,0.2861,0.4549,0.4453,0.4469,0.3293,0.6953,0.4469,0.5694,VarianceParTree,zelnik5_y.zip
3,2,30,5,1000.0,20.0,0.2,0.3956782817840576,0.3394,251.819,1.0811,0.6297,0.2861,0.4549,0.4453,0.4469,0.3293,0.6953,0.4469,0.5694,VarianceParTree,zelnik5_y.zip
3,2,30,5,1000.0,inf,0.0,0.2591543197631836,0.3202,3.6314,0.4768,0.2532,0.0003,0.0029,0.0003,0.0041,0.0021,0.2044,0.0041,0.5003,VarianceParTree,zelnik5_y.zip
3,2,30,5,1000.0,inf,0.1,0.2617230415344238,0.3202,3.6314,0.4768,0.2532,0.0003,0.0029,0.0003,0.0041,0.0021,0.2044,0.0041,0.5003,VarianceParTree,zelnik5_y.zip
3,2,30,5,1000.0,inf,0.2,0.2559475898742676,0.3202,3.6314,0.4768,0.2532,0.0003,0.0029,0.0003,0.0041,0.0021,0.2044,0.0041,0.5003,VarianceParTree,zelnik5_y.zip
3,2,30,5,100.0,20.0,0.0,0.0637075901031494,0.3352,246.4044,1.0798,0.627,0.2839,0.4532,0.4447,0.4463,0.3281,0.6977,0.4463,0.5694,VarianceParTree,zelnik5_y.zip
3,2,30,5,100.0,20.0,0.1,0.0678019523620605,0.3352,246.4044,1.0798,0.627,0.2839,0.4532,0.4447,0.4463,0.3281,0.6977,0.4463,0.5694,VarianceParTree,zelnik5_y.zip
3,2,30,5,100.0,20.0,0.2,0.064598798751831,0.3352,246.4044,1.0798,0.627,0.2839,0.4532,0.4447,0.4463,0.3281,0.6977,0.4463,0.5694,VarianceParTree,zelnik5_y.zip
3,2,30,5,inf,100.0,0.0,0.2638497352600097,0.3394,251.819,1.0811,0.6297,0.2861,0.4549,0.4453,0.4469,0.3293,0.6953,0.4469,0.5694,VarianceParTree,zelnik5_y.zip
3,2,30,5,inf,100.0,0.1,0.2711124420166015,0.3394,251.819,1.0811,0.6297,0.2861,0.4549,0.4453,0.4469,0.3293,0.6953,0.4469,0.5694,VarianceParTree,zelnik5_y.zip
3,2,30,5,inf,100.0,0.2,0.2666628360748291,0.3394,251.819,1.0811,0.6297,0.2861,0.4549,0.4453,0.4469,0.3293,0.6953,0.4469,0.5694,VarianceParTree,zelnik5_y.zip
3,2,30,5,inf,20.0,0.0,0.263594388961792,0.3394,251.819,1.0811,0.6297,0.2861,0.4549,0.4453,0.4469,0.3293,0.6953,0.4469,0.5694,VarianceParTree,zelnik5_y.zip
3,2,30,5,inf,20.0,0.1,0.3831944465637207,0.3394,251.819,1.0811,0.6297,0.2861,0.4549,0.4453,0.4469,0.3293,0.6953,0.4469,0.5694,VarianceParTree,zelnik5_y.zip
3,2,30,5,inf,20.0,0.2,0.2720289230346679,0.3394,251.819,1.0811,0.6297,0.2861,0.4549,0.4453,0.4469,0.3293,0.6953,0.4469,0.5694,VarianceParTree,zelnik5_y.zip
3,2,30,5,inf,inf,0.0,0.2678606510162353,0.3202,3.6314,0.4768,0.2532,0.0003,0.0029,0.0003,0.0041,0.0021,0.2044,0.0041,0.5003,VarianceParTree,zelnik5_y.zip
3,2,30,5,inf,inf,0.1,0.2720849514007568,0.3202,3.6314,0.4768,0.2532,0.0003,0.0029,0.0003,0.0041,0.0021,0.2044,0.0041,0.5003,VarianceParTree,zelnik5_y.zip
3,2,30,5,inf,inf,0.2,0.2785625457763672,0.3202,3.6314,0.4768,0.2532,0.0003,0.0029,0.0003,0.0041,0.0021,0.2044,0.0041,0.5003,VarianceParTree,zelnik5_y.zip
3,2,3,50,1000.0,100.0,0.0,0.2692658901214599,0.3394,251.819,1.0811,0.6297,0.2861,0.4549,0.4453,0.4469,0.3293,0.6953,0.4469,0.5694,VarianceParTree,zelnik5_y.zip
3,2,3,50,1000.0,100.0,0.1,0.2878859043121338,0.3394,251.819,1.0811,0.6297,0.2861,0.4549,0.4453,0.4469,0.3293,0.6953,0.4469,0.5694,VarianceParTree,zelnik5_y.zip
3,2,3,50,1000.0,100.0,0.2,0.2732751369476318,0.3394,251.819,1.0811,0.6297,0.2861,0.4549,0.4453,0.4469,0.3293,0.6953,0.4469,0.5694,VarianceParTree,zelnik5_y.zip
3,2,3,50,1000.0,20.0,0.0,0.2687158584594726,0.3394,251.819,1.0811,0.6297,0.2861,0.4549,0.4453,0.4469,0.3293,0.6953,0.4469,0.5694,VarianceParTree,zelnik5_y.zip
3,2,3,50,1000.0,20.0,0.1,0.3867263793945312,0.3394,251.819,1.0811,0.6297,0.2861,0.4549,0.4453,0.4469,0.3293,0.6953,0.4469,0.5694,VarianceParTree,zelnik5_y.zip
3,2,3,50,1000.0,20.0,0.2,0.2764451503753662,0.3394,251.819,1.0811,0.6297,0.2861,0.4549,0.4453,0.4469,0.3293,0.6953,0.4469,0.5694,VarianceParTree,zelnik5_y.zip
3,2,3,50,1000.0,inf,0.0,0.2619366645812988,0.3202,3.6314,0.4768,0.2532,0.0003,0.0029,0.0003,0.0041,0.0021,0.2044,0.0041,0.5003,VarianceParTree,zelnik5_y.zip
3,2,3,50,1000.0,inf,0.1,0.2673280239105224,0.3202,3.6314,0.4768,0.2532,0.0003,0.0029,0.0003,0.0041,0.0021,0.2044,0.0041,0.5003,VarianceParTree,zelnik5_y.zip
3,2,3,50,1000.0,inf,0.2,0.2599778175354004,0.3202,3.6314,0.4768,0.2532,0.0003,0.0029,0.0003,0.0041,0.0021,0.2044,0.0041,0.5003,VarianceParTree,zelnik5_y.zip
3,2,3,50,100.0,20.0,0.0,0.0616981983184814,0.3352,246.4044,1.0798,0.627,0.2839,0.4532,0.4447,0.4463,0.3281,0.6977,0.4463,0.5694,VarianceParTree,zelnik5_y.zip
3,2,3,50,100.0,20.0,0.1,0.0640859603881836,0.3352,246.4044,1.0798,0.627,0.2839,0.4532,0.4447,0.4463,0.3281,0.6977,0.4463,0.5694,VarianceParTree,zelnik5_y.zip
3,2,3,50,100.0,20.0,0.2,0.0656821727752685,0.3352,246.4044,1.0798,0.627,0.2839,0.4532,0.4447,0.4463,0.3281,0.6977,0.4463,0.5694,VarianceParTree,zelnik5_y.zip
3,2,3,50,inf,100.0,0.0,0.264885663986206,0.3394,251.819,1.0811,0.6297,0.2861,0.4549,0.4453,0.4469,0.3293,0.6953,0.4469,0.5694,VarianceParTree,zelnik5_y.zip
3,2,3,50,inf,100.0,0.1,0.269611120223999,0.3394,251.819,1.0811,0.6297,0.2861,0.4549,0.4453,0.4469,0.3293,0.6953,0.4469,0.5694,VarianceParTree,zelnik5_y.zip
3,2,3,50,inf,100.0,0.2,0.2862002849578857,0.3394,251.819,1.0811,0.6297,0.2861,0.4549,0.4453,0.4469,0.3293,0.6953,0.4469,0.5694,VarianceParTree,zelnik5_y.zip
3,2,3,50,inf,20.0,0.0,0.3821918964385986,0.3394,251.819,1.0811,0.6297,0.2861,0.4549,0.4453,0.4469,0.3293,0.6953,0.4469,0.5694,VarianceParTree,zelnik5_y.zip
3,2,3,50,inf,20.0,0.1,0.2740235328674316,0.3394,251.819,1.0811,0.6297,0.2861,0.4549,0.4453,0.4469,0.3293,0.6953,0.4469,0.5694,VarianceParTree,zelnik5_y.zip
3,2,3,50,inf,20.0,0.2,0.2805900573730469,0.3394,251.819,1.0811,0.6297,0.2861,0.4549,0.4453,0.4469,0.3293,0.6953,0.4469,0.5694,VarianceParTree,zelnik5_y.zip
3,2,3,50,inf,inf,0.0,0.265122652053833,0.3202,3.6314,0.4768,0.2532,0.0003,0.0029,0.0003,0.0041,0.0021,0.2044,0.0041,0.5003,VarianceParTree,zelnik5_y.zip
3,2,3,50,inf,inf,0.1,0.2693936824798584,0.3202,3.6314,0.4768,0.2532,0.0003,0.0029,0.0003,0.0041,0.0021,0.2044,0.0041,0.5003,VarianceParTree,zelnik5_y.zip
3,2,3,50,inf,inf,0.2,0.2665474414825439,0.3202,3.6314,0.4768,0.2532,0.0003,0.0029,0.0003,0.0041,0.0021,0.2044,0.0041,0.5003,VarianceParTree,zelnik5_y.zip
3,2,3,5,1000.0,100.0,0.0,0.269597053527832,0.3394,251.819,1.0811,0.6297,0.2861,0.4549,0.4453,0.4469,0.3293,0.6953,0.4469,0.5694,VarianceParTree,zelnik5_y.zip
3,2,3,5,1000.0,100.0,0.1,0.2666208744049072,0.3394,251.819,1.0811,0.6297,0.2861,0.4549,0.4453,0.4469,0.3293,0.6953,0.4469,0.5694,VarianceParTree,zelnik5_y.zip
3,2,3,5,1000.0,100.0,0.2,0.2675700187683105,0.3394,251.819,1.0811,0.6297,0.2861,0.4549,0.4453,0.4469,0.3293,0.6953,0.4469,0.5694,VarianceParTree,zelnik5_y.zip
3,2,3,5,1000.0,20.0,0.0,0.3901541233062744,0.3394,251.819,1.0811,0.6297,0.2861,0.4549,0.4453,0.4469,0.3293,0.6953,0.4469,0.5694,VarianceParTree,zelnik5_y.zip
3,2,3,5,1000.0,20.0,0.1,0.2675073146820068,0.3394,251.819,1.0811,0.6297,0.2861,0.4549,0.4453,0.4469,0.3293,0.6953,0.4469,0.5694,VarianceParTree,zelnik5_y.zip
3,2,3,5,1000.0,20.0,0.2,0.2646210193634033,0.3394,251.819,1.0811,0.6297,0.2861,0.4549,0.4453,0.4469,0.3293,0.6953,0.4469,0.5694,VarianceParTree,zelnik5_y.zip
3,2,3,5,1000.0,inf,0.0,0.2744216918945312,0.3202,3.6314,0.4768,0.2532,0.0003,0.0029,0.0003,0.0041,0.0021,0.2044,0.0041,0.5003,VarianceParTree,zelnik5_y.zip
3,2,3,5,1000.0,inf,0.1,0.2759122848510742,0.3202,3.6314,0.4768,0.2532,0.0003,0.0029,0.0003,0.0041,0.0021,0.2044,0.0041,0.5003,VarianceParTree,zelnik5_y.zip
3,2,3,5,1000.0,inf,0.2,0.2680721282958984,0.3202,3.6314,0.4768,0.2532,0.0003,0.0029,0.0003,0.0041,0.0021,0.2044,0.0041,0.5003,VarianceParTree,zelnik5_y.zip
3,2,3,5,100.0,20.0,0.0,0.0636341571807861,0.3352,246.4044,1.0798,0.627,0.2839,0.4532,0.4447,0.4463,0.3281,0.6977,0.4463,0.5694,VarianceParTree,zelnik5_y.zip
3,2,3,5,100.0,20.0,0.1,0.0650098323822021,0.3352,246.4044,1.0798,0.627,0.2839,0.4532,0.4447,0.4463,0.3281,0.6977,0.4463,0.5694,VarianceParTree,zelnik5_y.zip
3,2,3,5,100.0,20.0,0.2,0.0612905025482177,0.3352,246.4044,1.0798,0.627,0.2839,0.4532,0.4447,0.4463,0.3281,0.6977,0.4463,0.5694,VarianceParTree,zelnik5_y.zip
3,2,3,5,inf,100.0,0.0,0.2654831409454345,0.3394,251.819,1.0811,0.6297,0.2861,0.4549,0.4453,0.4469,0.3293,0.6953,0.4469,0.5694,VarianceParTree,zelnik5_y.zip
3,2,3,5,inf,100.0,0.1,0.2750015258789062,0.3394,251.819,1.0811,0.6297,0.2861,0.4549,0.4453,0.4469,0.3293,0.6953,0.4469,0.5694,VarianceParTree,zelnik5_y.zip
3,2,3,5,inf,100.0,0.2,0.2682943344116211,0.3394,251.819,1.0811,0.6297,0.2861,0.4549,0.4453,0.4469,0.3293,0.6953,0.4469,0.5694,VarianceParTree,zelnik5_y.zip
3,2,3,5,inf,20.0,0.0,0.3946609497070312,0.3394,251.819,1.0811,0.6297,0.2861,0.4549,0.4453,0.4469,0.3293,0.6953,0.4469,0.5694,VarianceParTree,zelnik5_y.zip
3,2,3,5,inf,20.0,0.1,0.2616372108459472,0.3394,251.819,1.0811,0.6297,0.2861,0.4549,0.4453,0.4469,0.3293,0.6953,0.4469,0.5694,VarianceParTree,zelnik5_y.zip
3,2,3,5,inf,20.0,0.2,0.2650437355041504,0.3394,251.819,1.0811,0.6297,0.2861,0.4549,0.4453,0.4469,0.3293,0.6953,0.4469,0.5694,VarianceParTree,zelnik5_y.zip
3,2,3,5,inf,inf,0.0,0.2612414360046386,0.3202,3.6314,0.4768,0.2532,0.0003,0.0029,0.0003,0.0041,0.0021,0.2044,0.0041,0.5003,VarianceParTree,zelnik5_y.zip
3,2,3,5,inf,inf,0.1,0.2634561061859131,0.3202,3.6314,0.4768,0.2532,0.0003,0.0029,0.0003,0.0041,0.0021,0.2044,0.0041,0.5003,VarianceParTree,zelnik5_y.zip
3,2,3,5,inf,inf,0.2,0.2652945518493652,0.3202,3.6314,0.4768,0.2532,0.0003,0.0029,0.0003,0.0041,0.0021,0.2044,0.0041,0.5003,VarianceParTree,zelnik5_y.zip
3,4,30,50,1000.0,100.0,0.0,0.722123384475708,0.3004,289.7329,1.085,0.7429,0.329,0.5553,0.4019,0.4058,0.402,0.4097,0.4058,0.5023,VarianceParTree,zelnik5_y.zip
3,4,30,50,1000.0,100.0,0.1,0.8267993927001953,0.3004,289.7329,1.085,0.7429,0.329,0.5553,0.4019,0.4058,0.402,0.4097,0.4058,0.5023,VarianceParTree,zelnik5_y.zip
3,4,30,50,1000.0,100.0,0.2,0.6917059421539307,0.3004,289.7329,1.085,0.7429,0.329,0.5553,0.4019,0.4058,0.402,0.4097,0.4058,0.5023,VarianceParTree,zelnik5_y.zip
3,4,30,50,1000.0,20.0,0.0,0.8459084033966064,0.3004,289.7329,1.085,0.7429,0.329,0.5553,0.4019,0.4058,0.402,0.4097,0.4058,0.5023,VarianceParTree,zelnik5_y.zip
3,4,30,50,1000.0,20.0,0.1,0.7224533557891846,0.3004,289.7329,1.085,0.7429,0.329,0.5553,0.4019,0.4058,0.402,0.4097,0.4058,0.5023,VarianceParTree,zelnik5_y.zip
3,4,30,50,1000.0,20.0,0.2,0.6977219581604004,0.3004,289.7329,1.085,0.7429,0.329,0.5553,0.4019,0.4058,0.402,0.4097,0.4058,0.5023,VarianceParTree,zelnik5_y.zip
3,4,30,50,1000.0,inf,0.0,0.9170370101928712,0.3107,3.5768,0.4808,0.2575,0.0008,0.0087,0.0008,0.0122,0.0063,0.2054,0.0122,0.4987,VarianceParTree,zelnik5_y.zip
3,4,30,50,1000.0,inf,0.1,0.7940874099731445,0.3107,3.5768,0.4808,0.2575,0.0008,0.0087,0.0008,0.0122,0.0063,0.2054,0.0122,0.4987,VarianceParTree,zelnik5_y.zip
3,4,30,50,1000.0,inf,0.2,0.8034820556640625,0.3107,3.5768,0.4808,0.2575,0.0008,0.0087,0.0008,0.0122,0.0063,0.2054,0.0122,0.4987,VarianceParTree,zelnik5_y.zip
3,4,30,50,100.0,20.0,0.0,0.173830509185791,0.2306,270.7353,1.3757,0.7675,0.4236,0.7183,0.5431,0.5462,0.52,0.5751,0.5462,0.5854,VarianceParTree,zelnik5_y.zip
3,4,30,50,100.0,20.0,0.1,0.1769313812255859,0.2306,270.7353,1.3757,0.7675,0.4236,0.7183,0.5431,0.5462,0.52,0.5751,0.5462,0.5854,VarianceParTree,zelnik5_y.zip
3,4,30,50,100.0,20.0,0.2,0.1818501949310302,0.2306,270.7353,1.3757,0.7675,0.4236,0.7183,0.5431,0.5462,0.52,0.5751,0.5462,0.5854,VarianceParTree,zelnik5_y.zip
3,4,30,50,inf,100.0,0.0,0.8391683101654053,0.3004,289.7329,1.085,0.7429,0.329,0.5553,0.4019,0.4058,0.402,0.4097,0.4058,0.5023,VarianceParTree,zelnik5_y.zip
3,4,30,50,inf,100.0,0.1,0.7116007804870605,0.3004,289.7329,1.085,0.7429,0.329,0.5553,0.4019,0.4058,0.402,0.4097,0.4058,0.5023,VarianceParTree,zelnik5_y.zip
3,4,30,50,inf,100.0,0.2,0.7041490077972412,0.3004,289.7329,1.085,0.7429,0.329,0.5553,0.4019,0.4058,0.402,0.4097,0.4058,0.5023,VarianceParTree,zelnik5_y.zip
3,4,30,50,inf,20.0,0.0,0.7082536220550537,0.3004,289.7329,1.085,0.7429,0.329,0.5553,0.4019,0.4058,0.402,0.4097,0.4058,0.5023,VarianceParTree,zelnik5_y.zip
3,4,30,50,inf,20.0,0.1,0.6860079765319824,0.3004,289.7329,1.085,0.7429,0.329,0.5553,0.4019,0.4058,0.402,0.4097,0.4058,0.5023,VarianceParTree,zelnik5_y.zip
3,4,30,50,inf,20.0,0.2,0.7032716274261475,0.3004,289.7329,1.085,0.7429,0.329,0.5553,0.4019,0.4058,0.402,0.4097,0.4058,0.5023,VarianceParTree,zelnik5_y.zip
3,4,30,50,inf,inf,0.0,0.7850878238677979,0.3107,3.5768,0.4808,0.2575,0.0008,0.0087,0.0008,0.0122,0.0063,0.2054,0.0122,0.4987,VarianceParTree,zelnik5_y.zip
3,4,30,50,inf,inf,0.1,0.7714231014251709,0.3107,3.5768,0.4808,0.2575,0.0008,0.0087,0.0008,0.0122,0.0063,0.2054,0.0122,0.4987,VarianceParTree,zelnik5_y.zip
3,4,30,50,inf,inf,0.2,0.9118690490722656,0.3107,3.5768,0.4808,0.2575,0.0008,0.0087,0.0008,0.0122,0.0063,0.2054,0.0122,0.4987,VarianceParTree,zelnik5_y.zip
3,4,30,5,1000.0,100.0,0.0,0.7165732383728027,0.3004,289.7329,1.085,0.7429,0.329,0.5553,0.4019,0.4058,0.402,0.4097,0.4058,0.5023,VarianceParTree,zelnik5_y.zip
3,4,30,5,1000.0,100.0,0.1,0.7029166221618652,0.3004,289.7329,1.085,0.7429,0.329,0.5553,0.4019,0.4058,0.402,0.4097,0.4058,0.5023,VarianceParTree,zelnik5_y.zip
3,4,30,5,1000.0,100.0,0.2,0.7113423347473145,0.3004,289.7329,1.085,0.7429,0.329,0.5553,0.4019,0.4058,0.402,0.4097,0.4058,0.5023,VarianceParTree,zelnik5_y.zip
3,4,30,5,1000.0,20.0,0.0,0.7170586585998535,0.3004,289.7329,1.085,0.7429,0.329,0.5553,0.4019,0.4058,0.402,0.4097,0.4058,0.5023,VarianceParTree,zelnik5_y.zip
3,4,30,5,1000.0,20.0,0.1,0.721625804901123,0.3004,289.7329,1.085,0.7429,0.329,0.5553,0.4019,0.4058,0.402,0.4097,0.4058,0.5023,VarianceParTree,zelnik5_y.zip
3,4,30,5,1000.0,20.0,0.2,0.8675682544708252,0.3004,289.7329,1.085,0.7429,0.329,0.5553,0.4019,0.4058,0.402,0.4097,0.4058,0.5023,VarianceParTree,zelnik5_y.zip
3,4,30,5,1000.0,inf,0.0,0.7992935180664062,0.3107,3.5768,0.4808,0.2575,0.0008,0.0087,0.0008,0.0122,0.0063,0.2054,0.0122,0.4987,VarianceParTree,zelnik5_y.zip
3,4,30,5,1000.0,inf,0.1,0.7776820659637451,0.3107,3.5768,0.4808,0.2575,0.0008,0.0087,0.0008,0.0122,0.0063,0.2054,0.0122,0.4987,VarianceParTree,zelnik5_y.zip
3,4,30,5,1000.0,inf,0.2,0.9664475917816162,0.3107,3.5768,0.4808,0.2575,0.0008,0.0087,0.0008,0.0122,0.0063,0.2054,0.0122,0.4987,VarianceParTree,zelnik5_y.zip
3,4,30,5,100.0,20.0,0.0,0.3030717372894287,0.2306,270.7353,1.3757,0.7675,0.4236,0.7183,0.5431,0.5462,0.52,0.5751,0.5462,0.5854,VarianceParTree,zelnik5_y.zip
3,4,30,5,100.0,20.0,0.1,0.175654649734497,0.2306,270.7353,1.3757,0.7675,0.4236,0.7183,0.5431,0.5462,0.52,0.5751,0.5462,0.5854,VarianceParTree,zelnik5_y.zip
3,4,30,5,100.0,20.0,0.2,0.1829574108123779,0.2306,270.7353,1.3757,0.7675,0.4236,0.7183,0.5431,0.5462,0.52,0.5751,0.5462,0.5854,VarianceParTree,zelnik5_y.zip
3,4,30,5,inf,100.0,0.0,0.7139501571655273,0.3004,289.7329,1.085,0.7429,0.329,0.5553,0.4019,0.4058,0.402,0.4097,0.4058,0.5023,VarianceParTree,zelnik5_y.zip
3,4,30,5,inf,100.0,0.1,0.7089371681213379,0.3004,289.7329,1.085,0.7429,0.329,0.5553,0.4019,0.4058,0.402,0.4097,0.4058,0.5023,VarianceParTree,zelnik5_y.zip
3,4,30,5,inf,100.0,0.2,0.8178262710571289,0.3004,289.7329,1.085,0.7429,0.329,0.5553,0.4019,0.4058,0.402,0.4097,0.4058,0.5023,VarianceParTree,zelnik5_y.zip
3,4,30,5,inf,20.0,0.0,0.7163820266723633,0.3004,289.7329,1.085,0.7429,0.329,0.5553,0.4019,0.4058,0.402,0.4097,0.4058,0.5023,VarianceParTree,zelnik5_y.zip
3,4,30,5,inf,20.0,0.1,0.828852653503418,0.3004,289.7329,1.085,0.7429,0.329,0.5553,0.4019,0.4058,0.402,0.4097,0.4058,0.5023,VarianceParTree,zelnik5_y.zip
3,4,30,5,inf,20.0,0.2,0.7096424102783203,0.3004,289.7329,1.085,0.7429,0.329,0.5553,0.4019,0.4058,0.402,0.4097,0.4058,0.5023,VarianceParTree,zelnik5_y.zip
3,4,30,5,inf,inf,0.0,0.7806258201599121,0.3107,3.5768,0.4808,0.2575,0.0008,0.0087,0.0008,0.0122,0.0063,0.2054,0.0122,0.4987,VarianceParTree,zelnik5_y.zip
3,4,30,5,inf,inf,0.1,0.8942179679870605,0.3107,3.5768,0.4808,0.2575,0.0008,0.0087,0.0008,0.0122,0.0063,0.2054,0.0122,0.4987,VarianceParTree,zelnik5_y.zip
3,4,30,5,inf,inf,0.2,0.8112175464630127,0.3107,3.5768,0.4808,0.2575,0.0008,0.0087,0.0008,0.0122,0.0063,0.2054,0.0122,0.4987,VarianceParTree,zelnik5_y.zip
3,4,3,50,1000.0,100.0,0.0,0.711348295211792,0.3004,289.7329,1.085,0.7429,0.329,0.5553,0.4019,0.4058,0.402,0.4097,0.4058,0.5023,VarianceParTree,zelnik5_y.zip
3,4,3,50,1000.0,100.0,0.1,0.8225688934326172,0.3004,289.7329,1.085,0.7429,0.329,0.5553,0.4019,0.4058,0.402,0.4097,0.4058,0.5023,VarianceParTree,zelnik5_y.zip
3,4,3,50,1000.0,100.0,0.2,0.6842544078826904,0.3004,289.7329,1.085,0.7429,0.329,0.5553,0.4019,0.4058,0.402,0.4097,0.4058,0.5023,VarianceParTree,zelnik5_y.zip
3,4,3,50,1000.0,20.0,0.0,0.6835615634918213,0.3004,289.7329,1.085,0.7429,0.329,0.5553,0.4019,0.4058,0.402,0.4097,0.4058,0.5023,VarianceParTree,zelnik5_y.zip
3,4,3,50,1000.0,20.0,0.1,0.8281190395355225,0.3004,289.7329,1.085,0.7429,0.329,0.5553,0.4019,0.4058,0.402,0.4097,0.4058,0.5023,VarianceParTree,zelnik5_y.zip
3,4,3,50,1000.0,20.0,0.2,0.707690954208374,0.3004,289.7329,1.085,0.7429,0.329,0.5553,0.4019,0.4058,0.402,0.4097,0.4058,0.5023,VarianceParTree,zelnik5_y.zip
3,4,3,50,1000.0,inf,0.0,0.9257946014404296,0.3107,3.5768,0.4808,0.2575,0.0008,0.0087,0.0008,0.0122,0.0063,0.2054,0.0122,0.4987,VarianceParTree,zelnik5_y.zip
3,4,3,50,1000.0,inf,0.1,0.7640321254730225,0.3107,3.5768,0.4808,0.2575,0.0008,0.0087,0.0008,0.0122,0.0063,0.2054,0.0122,0.4987,VarianceParTree,zelnik5_y.zip
3,4,3,50,1000.0,inf,0.2,0.8008928298950195,0.3107,3.5768,0.4808,0.2575,0.0008,0.0087,0.0008,0.0122,0.0063,0.2054,0.0122,0.4987,VarianceParTree,zelnik5_y.zip
3,4,3,50,100.0,20.0,0.0,0.1777877807617187,0.2306,270.7353,1.3757,0.7675,0.4236,0.7183,0.5431,0.5462,0.52,0.5751,0.5462,0.5854,VarianceParTree,zelnik5_y.zip
3,4,3,50,100.0,20.0,0.1,0.1858432292938232,0.2306,270.7353,1.3757,0.7675,0.4236,0.7183,0.5431,0.5462,0.52,0.5751,0.5462,0.5854,VarianceParTree,zelnik5_y.zip
3,4,3,50,100.0,20.0,0.2,0.1721038818359375,0.2306,270.7353,1.3757,0.7675,0.4236,0.7183,0.5431,0.5462,0.52,0.5751,0.5462,0.5854,VarianceParTree,zelnik5_y.zip
3,4,3,50,inf,100.0,0.0,0.8248915672302246,0.3004,289.7329,1.085,0.7429,0.329,0.5553,0.4019,0.4058,0.402,0.4097,0.4058,0.5023,VarianceParTree,zelnik5_y.zip
3,4,3,50,inf,100.0,0.1,0.7144155502319336,0.3004,289.7329,1.085,0.7429,0.329,0.5553,0.4019,0.4058,0.402,0.4097,0.4058,0.5023,VarianceParTree,zelnik5_y.zip
3,4,3,50,inf,100.0,0.2,0.6872806549072266,0.3004,289.7329,1.085,0.7429,0.329,0.5553,0.4019,0.4058,0.402,0.4097,0.4058,0.5023,VarianceParTree,zelnik5_y.zip
3,4,3,50,inf,20.0,0.0,0.8135719299316406,0.3004,289.7329,1.085,0.7429,0.329,0.5553,0.4019,0.4058,0.402,0.4097,0.4058,0.5023,VarianceParTree,zelnik5_y.zip
3,4,3,50,inf,20.0,0.1,0.6988630294799805,0.3004,289.7329,1.085,0.7429,0.329,0.5553,0.4019,0.4058,0.402,0.4097,0.4058,0.5023,VarianceParTree,zelnik5_y.zip
3,4,3,50,inf,20.0,0.2,0.7057647705078125,0.3004,289.7329,1.085,0.7429,0.329,0.5553,0.4019,0.4058,0.402,0.4097,0.4058,0.5023,VarianceParTree,zelnik5_y.zip
3,4,3,50,inf,inf,0.0,0.7840802669525146,0.3107,3.5768,0.4808,0.2575,0.0008,0.0087,0.0008,0.0122,0.0063,0.2054,0.0122,0.4987,VarianceParTree,zelnik5_y.zip
3,4,3,50,inf,inf,0.1,0.7960786819458008,0.3107,3.5768,0.4808,0.2575,0.0008,0.0087,0.0008,0.0122,0.0063,0.2054,0.0122,0.4987,VarianceParTree,zelnik5_y.zip
3,4,3,50,inf,inf,0.2,0.8044965267181396,0.3107,3.5768,0.4808,0.2575,0.0008,0.0087,0.0008,0.0122,0.0063,0.2054,0.0122,0.4987,VarianceParTree,zelnik5_y.zip
3,4,3,5,1000.0,100.0,0.0,0.8052632808685303,0.3004,289.7329,1.085,0.7429,0.329,0.5553,0.4019,0.4058,0.402,0.4097,0.4058,0.5023,VarianceParTree,zelnik5_y.zip
3,4,3,5,1000.0,100.0,0.1,0.6991112232208252,0.3004,289.7329,1.085,0.7429,0.329,0.5553,0.4019,0.4058,0.402,0.4097,0.4058,0.5023,VarianceParTree,zelnik5_y.zip
3,4,3,5,1000.0,100.0,0.2,0.708676815032959,0.3004,289.7329,1.085,0.7429,0.329,0.5553,0.4019,0.4058,0.402,0.4097,0.4058,0.5023,VarianceParTree,zelnik5_y.zip
3,4,3,5,1000.0,20.0,0.0,0.6991875171661377,0.3004,289.7329,1.085,0.7429,0.329,0.5553,0.4019,0.4058,0.402,0.4097,0.4058,0.5023,VarianceParTree,zelnik5_y.zip
3,4,3,5,1000.0,20.0,0.1,0.7165465354919434,0.3004,289.7329,1.085,0.7429,0.329,0.5553,0.4019,0.4058,0.402,0.4097,0.4058,0.5023,VarianceParTree,zelnik5_y.zip
3,4,3,5,1000.0,20.0,0.2,0.7155332565307617,0.3004,289.7329,1.085,0.7429,0.329,0.5553,0.4019,0.4058,0.402,0.4097,0.4058,0.5023,VarianceParTree,zelnik5_y.zip
3,4,3,5,1000.0,inf,0.0,0.7965764999389648,0.3107,3.5768,0.4808,0.2575,0.0008,0.0087,0.0008,0.0122,0.0063,0.2054,0.0122,0.4987,VarianceParTree,zelnik5_y.zip
3,4,3,5,1000.0,inf,0.1,0.7604436874389648,0.3107,3.5768,0.4808,0.2575,0.0008,0.0087,0.0008,0.0122,0.0063,0.2054,0.0122,0.4987,VarianceParTree,zelnik5_y.zip
3,4,3,5,1000.0,inf,0.2,0.8761734962463379,0.3107,3.5768,0.4808,0.2575,0.0008,0.0087,0.0008,0.0122,0.0063,0.2054,0.0122,0.4987,VarianceParTree,zelnik5_y.zip
3,4,3,5,100.0,20.0,0.0,0.177880048751831,0.2306,270.7353,1.3757,0.7675,0.4236,0.7183,0.5431,0.5462,0.52,0.5751,0.5462,0.5854,VarianceParTree,zelnik5_y.zip
3,4,3,5,100.0,20.0,0.1,0.178072452545166,0.2306,270.7353,1.3757,0.7675,0.4236,0.7183,0.5431,0.5462,0.52,0.5751,0.5462,0.5854,VarianceParTree,zelnik5_y.zip
3,4,3,5,100.0,20.0,0.2,0.1829128265380859,0.2306,270.7353,1.3757,0.7675,0.4236,0.7183,0.5431,0.5462,0.52,0.5751,0.5462,0.5854,VarianceParTree,zelnik5_y.zip
3,4,3,5,inf,100.0,0.0,0.7101256847381592,0.3004,289.7329,1.085,0.7429,0.329,0.5553,0.4019,0.4058,0.402,0.4097,0.4058,0.5023,VarianceParTree,zelnik5_y.zip
3,4,3,5,inf,100.0,0.1,0.6995816230773926,0.3004,289.7329,1.085,0.7429,0.329,0.5553,0.4019,0.4058,0.402,0.4097,0.4058,0.5023,VarianceParTree,zelnik5_y.zip
3,4,3,5,inf,100.0,0.2,0.8287723064422607,0.3004,289.7329,1.085,0.7429,0.329,0.5553,0.4019,0.4058,0.402,0.4097,0.4058,0.5023,VarianceParTree,zelnik5_y.zip
3,4,3,5,inf,20.0,0.0,0.6762969493865967,0.3004,289.7329,1.085,0.7429,0.329,0.5553,0.4019,0.4058,0.402,0.4097,0.4058,0.5023,VarianceParTree,zelnik5_y.zip
3,4,3,5,inf,20.0,0.1,0.7266273498535156,0.3004,289.7329,1.085,0.7429,0.329,0.5553,0.4019,0.4058,0.402,0.4097,0.4058,0.5023,VarianceParTree,zelnik5_y.zip
3,4,3,5,inf,20.0,0.2,0.8222689628601074,0.3004,289.7329,1.085,0.7429,0.329,0.5553,0.4019,0.4058,0.402,0.4097,0.4058,0.5023,VarianceParTree,zelnik5_y.zip
3,4,3,5,inf,inf,0.0,0.7832937240600586,0.3107,3.5768,0.4808,0.2575,0.0008,0.0087,0.0008,0.0122,0.0063,0.2054,0.0122,0.4987,VarianceParTree,zelnik5_y.zip
3,4,3,5,inf,inf,0.1,0.7618491649627686,0.3107,3.5768,0.4808,0.2575,0.0008,0.0087,0.0008,0.0122,0.0063,0.2054,0.0122,0.4987,VarianceParTree,zelnik5_y.zip
3,4,3,5,inf,inf,0.2,0.9140985012054444,0.3107,3.5768,0.4808,0.2575,0.0008,0.0087,0.0008,0.0122,0.0063,0.2054,0.0122,0.4987,VarianceParTree,zelnik5_y.zip
3,6,30,50,1000.0,100.0,0.0,1.085616111755371,0.1897,245.5155,1.2806,0.7441,0.2642,0.6039,0.3903,0.3964,0.4372,0.3626,0.3964,0.4289,VarianceParTree,zelnik5_y.zip
3,6,30,50,1000.0,100.0,0.1,1.239335298538208,0.1897,245.5155,1.2806,0.7441,0.2642,0.6039,0.3903,0.3964,0.4372,0.3626,0.3964,0.4289,VarianceParTree,zelnik5_y.zip
3,6,30,50,1000.0,100.0,0.2,1.0521690845489502,0.1897,245.5155,1.2806,0.7441,0.2642,0.6039,0.3903,0.3964,0.4372,0.3626,0.3964,0.4289,VarianceParTree,zelnik5_y.zip
3,6,30,50,1000.0,20.0,0.0,1.2368805408477783,0.1897,245.5155,1.2806,0.7441,0.2642,0.6039,0.3903,0.3964,0.4372,0.3626,0.3964,0.4289,VarianceParTree,zelnik5_y.zip
3,6,30,50,1000.0,20.0,0.1,1.053969383239746,0.1897,245.5155,1.2806,0.7441,0.2642,0.6039,0.3903,0.3964,0.4372,0.3626,0.3964,0.4289,VarianceParTree,zelnik5_y.zip
3,6,30,50,1000.0,20.0,0.2,1.2078299522399902,0.1897,245.5155,1.2806,0.7441,0.2642,0.6039,0.3903,0.3964,0.4372,0.3626,0.3964,0.4289,VarianceParTree,zelnik5_y.zip
3,6,30,50,1000.0,inf,0.0,0.9148316383361816,0.3107,3.5768,0.4808,0.2575,0.0008,0.0087,0.0008,0.0122,0.0063,0.2054,0.0122,0.4987,VarianceParTree,zelnik5_y.zip
3,6,30,50,1000.0,inf,0.1,0.7926802635192871,0.3107,3.5768,0.4808,0.2575,0.0008,0.0087,0.0008,0.0122,0.0063,0.2054,0.0122,0.4987,VarianceParTree,zelnik5_y.zip
3,6,30,50,1000.0,inf,0.2,0.774186372756958,0.3107,3.5768,0.4808,0.2575,0.0008,0.0087,0.0008,0.0122,0.0063,0.2054,0.0122,0.4987,VarianceParTree,zelnik5_y.zip
3,6,30,50,100.0,20.0,0.0,0.2894389629364013,0.1891,226.6814,1.4049,0.7679,0.3715,0.7685,0.5186,0.5236,0.5563,0.4945,0.5236,0.5252,VarianceParTree,zelnik5_y.zip
3,6,30,50,100.0,20.0,0.1,0.2559537887573242,0.1891,226.6814,1.4049,0.7679,0.3715,0.7685,0.5186,0.5236,0.5563,0.4945,0.5236,0.5252,VarianceParTree,zelnik5_y.zip
3,6,30,50,100.0,20.0,0.2,0.2747650146484375,0.1891,226.6814,1.4049,0.7679,0.3715,0.7685,0.5186,0.5236,0.5563,0.4945,0.5236,0.5252,VarianceParTree,zelnik5_y.zip
3,6,30,50,inf,100.0,0.0,1.0644958019256592,0.1897,245.5155,1.2806,0.7441,0.2642,0.6039,0.3903,0.3964,0.4372,0.3626,0.3964,0.4289,VarianceParTree,zelnik5_y.zip
3,6,30,50,inf,100.0,0.1,1.242830753326416,0.1897,245.5155,1.2806,0.7441,0.2642,0.6039,0.3903,0.3964,0.4372,0.3626,0.3964,0.4289,VarianceParTree,zelnik5_y.zip
3,6,30,50,inf,100.0,0.2,1.0754461288452148,0.1897,245.5155,1.2806,0.7441,0.2642,0.6039,0.3903,0.3964,0.4372,0.3626,0.3964,0.4289,VarianceParTree,zelnik5_y.zip
3,6,30,50,inf,20.0,0.0,1.1989898681640625,0.1897,245.5155,1.2806,0.7441,0.2642,0.6039,0.3903,0.3964,0.4372,0.3626,0.3964,0.4289,VarianceParTree,zelnik5_y.zip
3,6,30,50,inf,20.0,0.1,1.0856878757476809,0.1897,245.5155,1.2806,0.7441,0.2642,0.6039,0.3903,0.3964,0.4372,0.3626,0.3964,0.4289,VarianceParTree,zelnik5_y.zip
3,6,30,50,inf,20.0,0.2,1.1995508670806885,0.1897,245.5155,1.2806,0.7441,0.2642,0.6039,0.3903,0.3964,0.4372,0.3626,0.3964,0.4289,VarianceParTree,zelnik5_y.zip
3,6,30,50,inf,inf,0.0,0.890791654586792,0.3107,3.5768,0.4808,0.2575,0.0008,0.0087,0.0008,0.0122,0.0063,0.2054,0.0122,0.4987,VarianceParTree,zelnik5_y.zip
3,6,30,50,inf,inf,0.1,0.7997868061065674,0.3107,3.5768,0.4808,0.2575,0.0008,0.0087,0.0008,0.0122,0.0063,0.2054,0.0122,0.4987,VarianceParTree,zelnik5_y.zip
3,6,30,50,inf,inf,0.2,0.7864446640014648,0.3107,3.5768,0.4808,0.2575,0.0008,0.0087,0.0008,0.0122,0.0063,0.2054,0.0122,0.4987,VarianceParTree,zelnik5_y.zip
3,6,30,5,1000.0,100.0,0.0,1.0958466529846191,0.1897,245.5155,1.2806,0.7441,0.2642,0.6039,0.3903,0.3964,0.4372,0.3626,0.3964,0.4289,VarianceParTree,zelnik5_y.zip
3,6,30,5,1000.0,100.0,0.1,1.1812729835510254,0.1897,245.5155,1.2806,0.7441,0.2642,0.6039,0.3903,0.3964,0.4372,0.3626,0.3964,0.4289,VarianceParTree,zelnik5_y.zip
3,6,30,5,1000.0,100.0,0.2,1.0803961753845217,0.1897,245.5155,1.2806,0.7441,0.2642,0.6039,0.3903,0.3964,0.4372,0.3626,0.3964,0.4289,VarianceParTree,zelnik5_y.zip
3,6,30,5,1000.0,20.0,0.0,1.1951162815093994,0.1897,245.5155,1.2806,0.7441,0.2642,0.6039,0.3903,0.3964,0.4372,0.3626,0.3964,0.4289,VarianceParTree,zelnik5_y.zip
3,6,30,5,1000.0,20.0,0.1,1.0643541812896729,0.1897,245.5155,1.2806,0.7441,0.2642,0.6039,0.3903,0.3964,0.4372,0.3626,0.3964,0.4289,VarianceParTree,zelnik5_y.zip
3,6,30,5,1000.0,20.0,0.2,1.2195756435394287,0.1897,245.5155,1.2806,0.7441,0.2642,0.6039,0.3903,0.3964,0.4372,0.3626,0.3964,0.4289,VarianceParTree,zelnik5_y.zip
3,6,30,5,1000.0,inf,0.0,0.8089039325714111,0.3107,3.5768,0.4808,0.2575,0.0008,0.0087,0.0008,0.0122,0.0063,0.2054,0.0122,0.4987,VarianceParTree,zelnik5_y.zip
3,6,30,5,1000.0,inf,0.1,0.7999436855316162,0.3107,3.5768,0.4808,0.2575,0.0008,0.0087,0.0008,0.0122,0.0063,0.2054,0.0122,0.4987,VarianceParTree,zelnik5_y.zip
3,6,30,5,1000.0,inf,0.2,0.7966759204864502,0.3107,3.5768,0.4808,0.2575,0.0008,0.0087,0.0008,0.0122,0.0063,0.2054,0.0122,0.4987,VarianceParTree,zelnik5_y.zip
3,6,30,5,100.0,20.0,0.0,0.2434680461883545,0.1891,226.6814,1.4049,0.7679,0.3715,0.7685,0.5186,0.5236,0.5563,0.4945,0.5236,0.5252,VarianceParTree,zelnik5_y.zip
3,6,30,5,100.0,20.0,0.1,0.2557151317596435,0.1891,226.6814,1.4049,0.7679,0.3715,0.7685,0.5186,0.5236,0.5563,0.4945,0.5236,0.5252,VarianceParTree,zelnik5_y.zip
3,6,30,5,100.0,20.0,0.2,0.2522358894348144,0.1891,226.6814,1.4049,0.7679,0.3715,0.7685,0.5186,0.5236,0.5563,0.4945,0.5236,0.5252,VarianceParTree,zelnik5_y.zip
3,6,30,5,inf,100.0,0.0,1.2002179622650146,0.1897,245.5155,1.2806,0.7441,0.2642,0.6039,0.3903,0.3964,0.4372,0.3626,0.3964,0.4289,VarianceParTree,zelnik5_y.zip
3,6,30,5,inf,100.0,0.1,1.0795421600341797,0.1897,245.5155,1.2806,0.7441,0.2642,0.6039,0.3903,0.3964,0.4372,0.3626,0.3964,0.4289,VarianceParTree,zelnik5_y.zip
3,6,30,5,inf,100.0,0.2,1.2418203353881836,0.1897,245.5155,1.2806,0.7441,0.2642,0.6039,0.3903,0.3964,0.4372,0.3626,0.3964,0.4289,VarianceParTree,zelnik5_y.zip
3,6,30,5,inf,20.0,0.0,1.0955300331115725,0.1897,245.5155,1.2806,0.7441,0.2642,0.6039,0.3903,0.3964,0.4372,0.3626,0.3964,0.4289,VarianceParTree,zelnik5_y.zip
3,6,30,5,inf,20.0,0.1,1.19940447807312,0.1897,245.5155,1.2806,0.7441,0.2642,0.6039,0.3903,0.3964,0.4372,0.3626,0.3964,0.4289,VarianceParTree,zelnik5_y.zip
3,6,30,5,inf,20.0,0.2,1.0842883586883545,0.1897,245.5155,1.2806,0.7441,0.2642,0.6039,0.3903,0.3964,0.4372,0.3626,0.3964,0.4289,VarianceParTree,zelnik5_y.zip
3,6,30,5,inf,inf,0.0,0.7825994491577148,0.3107,3.5768,0.4808,0.2575,0.0008,0.0087,0.0008,0.0122,0.0063,0.2054,0.0122,0.4987,VarianceParTree,zelnik5_y.zip
3,6,30,5,inf,inf,0.1,0.8019886016845703,0.3107,3.5768,0.4808,0.2575,0.0008,0.0087,0.0008,0.0122,0.0063,0.2054,0.0122,0.4987,VarianceParTree,zelnik5_y.zip
3,6,30,5,inf,inf,0.2,0.9170353412628174,0.3107,3.5768,0.4808,0.2575,0.0008,0.0087,0.0008,0.0122,0.0063,0.2054,0.0122,0.4987,VarianceParTree,zelnik5_y.zip
3,6,3,50,1000.0,100.0,0.0,1.2337234020233154,0.1897,245.5155,1.2806,0.7441,0.2642,0.6039,0.3903,0.3964,0.4372,0.3626,0.3964,0.4289,VarianceParTree,zelnik5_y.zip
3,6,3,50,1000.0,100.0,0.1,1.0986387729644775,0.1897,245.5155,1.2806,0.7441,0.2642,0.6039,0.3903,0.3964,0.4372,0.3626,0.3964,0.4289,VarianceParTree,zelnik5_y.zip
3,6,3,50,1000.0,100.0,0.2,1.2432990074157717,0.1897,245.5155,1.2806,0.7441,0.2642,0.6039,0.3903,0.3964,0.4372,0.3626,0.3964,0.4289,VarianceParTree,zelnik5_y.zip
3,6,3,50,1000.0,20.0,0.0,1.086371898651123,0.1897,245.5155,1.2806,0.7441,0.2642,0.6039,0.3903,0.3964,0.4372,0.3626,0.3964,0.4289,VarianceParTree,zelnik5_y.zip
3,6,3,50,1000.0,20.0,0.1,1.2077867984771729,0.1897,245.5155,1.2806,0.7441,0.2642,0.6039,0.3903,0.3964,0.4372,0.3626,0.3964,0.4289,VarianceParTree,zelnik5_y.zip
3,6,3,50,1000.0,20.0,0.2,1.0748698711395264,0.1897,245.5155,1.2806,0.7441,0.2642,0.6039,0.3903,0.3964,0.4372,0.3626,0.3964,0.4289,VarianceParTree,zelnik5_y.zip
3,6,3,50,1000.0,inf,0.0,0.7915408611297607,0.3107,3.5768,0.4808,0.2575,0.0008,0.0087,0.0008,0.0122,0.0063,0.2054,0.0122,0.4987,VarianceParTree,zelnik5_y.zip
3,6,3,50,1000.0,inf,0.1,0.7805325984954834,0.3107,3.5768,0.4808,0.2575,0.0008,0.0087,0.0008,0.0122,0.0063,0.2054,0.0122,0.4987,VarianceParTree,zelnik5_y.zip
3,6,3,50,1000.0,inf,0.2,0.9099452495574952,0.3107,3.5768,0.4808,0.2575,0.0008,0.0087,0.0008,0.0122,0.0063,0.2054,0.0122,0.4987,VarianceParTree,zelnik5_y.zip
3,6,3,50,100.0,20.0,0.0,0.2627561092376709,0.1891,226.6814,1.4049,0.7679,0.3715,0.7685,0.5186,0.5236,0.5563,0.4945,0.5236,0.5252,VarianceParTree,zelnik5_y.zip
3,6,3,50,100.0,20.0,0.1,0.2612192630767822,0.1891,226.6814,1.4049,0.7679,0.3715,0.7685,0.5186,0.5236,0.5563,0.4945,0.5236,0.5252,VarianceParTree,zelnik5_y.zip
3,6,3,50,100.0,20.0,0.2,0.2528862953186035,0.1891,226.6814,1.4049,0.7679,0.3715,0.7685,0.5186,0.5236,0.5563,0.4945,0.5236,0.5252,VarianceParTree,zelnik5_y.zip
3,6,3,50,inf,100.0,0.0,1.2258827686309814,0.1897,245.5155,1.2806,0.7441,0.2642,0.6039,0.3903,0.3964,0.4372,0.3626,0.3964,0.4289,VarianceParTree,zelnik5_y.zip
3,6,3,50,inf,100.0,0.1,1.0771381855010986,0.1897,245.5155,1.2806,0.7441,0.2642,0.6039,0.3903,0.3964,0.4372,0.3626,0.3964,0.4289,VarianceParTree,zelnik5_y.zip
3,6,3,50,inf,100.0,0.2,1.2102859020233154,0.1897,245.5155,1.2806,0.7441,0.2642,0.6039,0.3903,0.3964,0.4372,0.3626,0.3964,0.4289,VarianceParTree,zelnik5_y.zip
3,6,3,50,inf,20.0,0.0,1.0909662246704102,0.1897,245.5155,1.2806,0.7441,0.2642,0.6039,0.3903,0.3964,0.4372,0.3626,0.3964,0.4289,VarianceParTree,zelnik5_y.zip
3,6,3,50,inf,20.0,0.1,1.2218761444091797,0.1897,245.5155,1.2806,0.7441,0.2642,0.6039,0.3903,0.3964,0.4372,0.3626,0.3964,0.4289,VarianceParTree,zelnik5_y.zip
3,6,3,50,inf,20.0,0.2,1.0886280536651611,0.1897,245.5155,1.2806,0.7441,0.2642,0.6039,0.3903,0.3964,0.4372,0.3626,0.3964,0.4289,VarianceParTree,zelnik5_y.zip
3,6,3,50,inf,inf,0.0,0.7873063087463379,0.3107,3.5768,0.4808,0.2575,0.0008,0.0087,0.0008,0.0122,0.0063,0.2054,0.0122,0.4987,VarianceParTree,zelnik5_y.zip
3,6,3,50,inf,inf,0.1,0.8057241439819336,0.3107,3.5768,0.4808,0.2575,0.0008,0.0087,0.0008,0.0122,0.0063,0.2054,0.0122,0.4987,VarianceParTree,zelnik5_y.zip
3,6,3,50,inf,inf,0.2,0.9043459892272948,0.3107,3.5768,0.4808,0.2575,0.0008,0.0087,0.0008,0.0122,0.0063,0.2054,0.0122,0.4987,VarianceParTree,zelnik5_y.zip
3,6,3,5,1000.0,100.0,0.0,1.213329792022705,0.1897,245.5155,1.2806,0.7441,0.2642,0.6039,0.3903,0.3964,0.4372,0.3626,0.3964,0.4289,VarianceParTree,zelnik5_y.zip
3,6,3,5,1000.0,100.0,0.1,1.096729040145874,0.1897,245.5155,1.2806,0.7441,0.2642,0.6039,0.3903,0.3964,0.4372,0.3626,0.3964,0.4289,VarianceParTree,zelnik5_y.zip
3,6,3,5,1000.0,100.0,0.2,1.2019150257110596,0.1897,245.5155,1.2806,0.7441,0.2642,0.6039,0.3903,0.3964,0.4372,0.3626,0.3964,0.4289,VarianceParTree,zelnik5_y.zip
3,6,3,5,1000.0,20.0,0.0,1.068556308746338,0.1897,245.5155,1.2806,0.7441,0.2642,0.6039,0.3903,0.3964,0.4372,0.3626,0.3964,0.4289,VarianceParTree,zelnik5_y.zip
3,6,3,5,1000.0,20.0,0.1,1.2243170738220217,0.1897,245.5155,1.2806,0.7441,0.2642,0.6039,0.3903,0.3964,0.4372,0.3626,0.3964,0.4289,VarianceParTree,zelnik5_y.zip
3,6,3,5,1000.0,20.0,0.2,1.068516492843628,0.1897,245.5155,1.2806,0.7441,0.2642,0.6039,0.3903,0.3964,0.4372,0.3626,0.3964,0.4289,VarianceParTree,zelnik5_y.zip
3,6,3,5,1000.0,inf,0.0,0.8201749324798584,0.3107,3.5768,0.4808,0.2575,0.0008,0.0087,0.0008,0.0122,0.0063,0.2054,0.0122,0.4987,VarianceParTree,zelnik5_y.zip
3,6,3,5,1000.0,inf,0.1,0.7941751480102539,0.3107,3.5768,0.4808,0.2575,0.0008,0.0087,0.0008,0.0122,0.0063,0.2054,0.0122,0.4987,VarianceParTree,zelnik5_y.zip
3,6,3,5,1000.0,inf,0.2,0.8761935234069824,0.3107,3.5768,0.4808,0.2575,0.0008,0.0087,0.0008,0.0122,0.0063,0.2054,0.0122,0.4987,VarianceParTree,zelnik5_y.zip
3,6,3,5,100.0,20.0,0.0,0.2455706596374511,0.1891,226.6814,1.4049,0.7679,0.3715,0.7685,0.5186,0.5236,0.5563,0.4945,0.5236,0.5252,VarianceParTree,zelnik5_y.zip
3,6,3,5,100.0,20.0,0.1,0.261256456375122,0.1891,226.6814,1.4049,0.7679,0.3715,0.7685,0.5186,0.5236,0.5563,0.4945,0.5236,0.5252,VarianceParTree,zelnik5_y.zip
3,6,3,5,100.0,20.0,0.2,0.2630026340484619,0.1891,226.6814,1.4049,0.7679,0.3715,0.7685,0.5186,0.5236,0.5563,0.4945,0.5236,0.5252,VarianceParTree,zelnik5_y.zip
3,6,3,5,inf,100.0,0.0,1.199378490447998,0.1897,245.5155,1.2806,0.7441,0.2642,0.6039,0.3903,0.3964,0.4372,0.3626,0.3964,0.4289,VarianceParTree,zelnik5_y.zip
3,6,3,5,inf,100.0,0.1,1.0760600566864014,0.1897,245.5155,1.2806,0.7441,0.2642,0.6039,0.3903,0.3964,0.4372,0.3626,0.3964,0.4289,VarianceParTree,zelnik5_y.zip
3,6,3,5,inf,100.0,0.2,1.2004494667053225,0.1897,245.5155,1.2806,0.7441,0.2642,0.6039,0.3903,0.3964,0.4372,0.3626,0.3964,0.4289,VarianceParTree,zelnik5_y.zip
3,6,3,5,inf,20.0,0.0,1.075631618499756,0.1897,245.5155,1.2806,0.7441,0.2642,0.6039,0.3903,0.3964,0.4372,0.3626,0.3964,0.4289,VarianceParTree,zelnik5_y.zip
3,6,3,5,inf,20.0,0.1,1.2229948043823242,0.1897,245.5155,1.2806,0.7441,0.2642,0.6039,0.3903,0.3964,0.4372,0.3626,0.3964,0.4289,VarianceParTree,zelnik5_y.zip
3,6,3,5,inf,20.0,0.2,1.0991640090942385,0.1897,245.5155,1.2806,0.7441,0.2642,0.6039,0.3903,0.3964,0.4372,0.3626,0.3964,0.4289,VarianceParTree,zelnik5_y.zip
3,6,3,5,inf,inf,0.0,0.8029367923736572,0.3107,3.5768,0.4808,0.2575,0.0008,0.0087,0.0008,0.0122,0.0063,0.2054,0.0122,0.4987,VarianceParTree,zelnik5_y.zip
3,6,3,5,inf,inf,0.1,0.914431095123291,0.3107,3.5768,0.4808,0.2575,0.0008,0.0087,0.0008,0.0122,0.0063,0.2054,0.0122,0.4987,VarianceParTree,zelnik5_y.zip
3,6,3,5,inf,inf,0.2,0.7932100296020508,0.3107,3.5768,0.4808,0.2575,0.0008,0.0087,0.0008,0.0122,0.0063,0.2054,0.0122,0.4987,VarianceParTree,zelnik5_y.zip
3,8,30,50,1000.0,100.0,0.0,1.3953840732574463,0.2644,314.565,2.038,0.7683,0.3099,0.7554,0.4663,0.4724,0.5469,0.4158,0.4724,0.4584,VarianceParTree,zelnik5_y.zip
3,8,30,50,1000.0,100.0,0.1,1.2569985389709473,0.2644,314.565,2.038,0.7683,0.3099,0.7554,0.4663,0.4724,0.5469,0.4158,0.4724,0.4584,VarianceParTree,zelnik5_y.zip
3,8,30,50,1000.0,100.0,0.2,1.3937525749206543,0.2644,314.565,2.038,0.7683,0.3099,0.7554,0.4663,0.4724,0.5469,0.4158,0.4724,0.4584,VarianceParTree,zelnik5_y.zip
3,8,30,50,1000.0,20.0,0.0,1.4590022563934326,0.2644,314.565,2.038,0.7683,0.3099,0.7554,0.4663,0.4724,0.5469,0.4158,0.4724,0.4584,VarianceParTree,zelnik5_y.zip
3,8,30,50,1000.0,20.0,0.1,1.2656879425048828,0.2644,314.565,2.038,0.7683,0.3099,0.7554,0.4663,0.4724,0.5469,0.4158,0.4724,0.4584,VarianceParTree,zelnik5_y.zip
3,8,30,50,1000.0,20.0,0.2,1.3858709335327148,0.2644,314.565,2.038,0.7683,0.3099,0.7554,0.4663,0.4724,0.5469,0.4158,0.4724,0.4584,VarianceParTree,zelnik5_y.zip
3,8,30,50,1000.0,inf,0.0,0.7770330905914307,0.3107,3.5768,0.4808,0.2575,0.0008,0.0087,0.0008,0.0122,0.0063,0.2054,0.0122,0.4987,VarianceParTree,zelnik5_y.zip
3,8,30,50,1000.0,inf,0.1,0.933502197265625,0.3107,3.5768,0.4808,0.2575,0.0008,0.0087,0.0008,0.0122,0.0063,0.2054,0.0122,0.4987,VarianceParTree,zelnik5_y.zip
3,8,30,50,1000.0,inf,0.2,0.8145978450775146,0.3107,3.5768,0.4808,0.2575,0.0008,0.0087,0.0008,0.0122,0.0063,0.2054,0.0122,0.4987,VarianceParTree,zelnik5_y.zip
3,8,30,50,100.0,20.0,0.0,0.309049129486084,0.2537,283.1899,2.1393,0.7916,0.4171,0.9183,0.5905,0.5953,0.6648,0.539,0.5953,0.5535,VarianceParTree,zelnik5_y.zip
3,8,30,50,100.0,20.0,0.1,0.3158693313598633,0.2537,283.1899,2.1393,0.7916,0.4171,0.9183,0.5905,0.5953,0.6648,0.539,0.5953,0.5535,VarianceParTree,zelnik5_y.zip
3,8,30,50,100.0,20.0,0.2,0.2851035594940185,0.2537,283.1899,2.1393,0.7916,0.4171,0.9183,0.5905,0.5953,0.6648,0.539,0.5953,0.5535,VarianceParTree,zelnik5_y.zip
3,8,30,50,inf,100.0,0.0,1.397566318511963,0.2644,314.565,2.038,0.7683,0.3099,0.7554,0.4663,0.4724,0.5469,0.4158,0.4724,0.4584,VarianceParTree,zelnik5_y.zip
3,8,30,50,inf,100.0,0.1,1.4005353450775146,0.2644,314.565,2.038,0.7683,0.3099,0.7554,0.4663,0.4724,0.5469,0.4158,0.4724,0.4584,VarianceParTree,zelnik5_y.zip
3,8,30,50,inf,100.0,0.2,1.2445251941680908,0.2644,314.565,2.038,0.7683,0.3099,0.7554,0.4663,0.4724,0.5469,0.4158,0.4724,0.4584,VarianceParTree,zelnik5_y.zip
3,8,30,50,inf,20.0,0.0,1.2724955081939695,0.2644,314.565,2.038,0.7683,0.3099,0.7554,0.4663,0.4724,0.5469,0.4158,0.4724,0.4584,VarianceParTree,zelnik5_y.zip
3,8,30,50,inf,20.0,0.1,1.414762020111084,0.2644,314.565,2.038,0.7683,0.3099,0.7554,0.4663,0.4724,0.5469,0.4158,0.4724,0.4584,VarianceParTree,zelnik5_y.zip
3,8,30,50,inf,20.0,0.2,1.251506805419922,0.2644,314.565,2.038,0.7683,0.3099,0.7554,0.4663,0.4724,0.5469,0.4158,0.4724,0.4584,VarianceParTree,zelnik5_y.zip
3,8,30,50,inf,inf,0.0,0.7950270175933838,0.3107,3.5768,0.4808,0.2575,0.0008,0.0087,0.0008,0.0122,0.0063,0.2054,0.0122,0.4987,VarianceParTree,zelnik5_y.zip
3,8,30,50,inf,inf,0.1,0.7924299240112305,0.3107,3.5768,0.4808,0.2575,0.0008,0.0087,0.0008,0.0122,0.0063,0.2054,0.0122,0.4987,VarianceParTree,zelnik5_y.zip
3,8,30,50,inf,inf,0.2,0.8981125354766846,0.3107,3.5768,0.4808,0.2575,0.0008,0.0087,0.0008,0.0122,0.0063,0.2054,0.0122,0.4987,VarianceParTree,zelnik5_y.zip
3,8,30,5,1000.0,100.0,0.0,1.5270817279815674,0.2008,275.2405,1.121,0.7681,0.3091,0.7554,0.4631,0.4705,0.5469,0.4128,0.4705,0.4578,VarianceParTree,zelnik5_y.zip
3,8,30,5,1000.0,100.0,0.1,1.532320499420166,0.2008,275.2405,1.121,0.7681,0.3091,0.7554,0.4631,0.4705,0.5469,0.4128,0.4705,0.4578,VarianceParTree,zelnik5_y.zip
3,8,30,5,1000.0,100.0,0.2,1.5467629432678225,0.2008,275.2405,1.121,0.7681,0.3091,0.7554,0.4631,0.4705,0.5469,0.4128,0.4705,0.4578,VarianceParTree,zelnik5_y.zip
3,8,30,5,1000.0,20.0,0.0,1.54532790184021,0.2008,275.2405,1.121,0.7681,0.3091,0.7554,0.4631,0.4705,0.5469,0.4128,0.4705,0.4578,VarianceParTree,zelnik5_y.zip
3,8,30,5,1000.0,20.0,0.1,1.5734844207763672,0.2008,275.2405,1.121,0.7681,0.3091,0.7554,0.4631,0.4705,0.5469,0.4128,0.4705,0.4578,VarianceParTree,zelnik5_y.zip
3,8,30,5,1000.0,20.0,0.2,1.4455294609069824,0.2008,275.2405,1.121,0.7681,0.3091,0.7554,0.4631,0.4705,0.5469,0.4128,0.4705,0.4578,VarianceParTree,zelnik5_y.zip
3,8,30,5,1000.0,inf,0.0,0.9046523571014404,0.3107,3.5768,0.4808,0.2575,0.0008,0.0087,0.0008,0.0122,0.0063,0.2054,0.0122,0.4987,VarianceParTree,zelnik5_y.zip
3,8,30,5,1000.0,inf,0.1,0.7863647937774658,0.3107,3.5768,0.4808,0.2575,0.0008,0.0087,0.0008,0.0122,0.0063,0.2054,0.0122,0.4987,VarianceParTree,zelnik5_y.zip
3,8,30,5,1000.0,inf,0.2,0.8096456527709961,0.3107,3.5768,0.4808,0.2575,0.0008,0.0087,0.0008,0.0122,0.0063,0.2054,0.0122,0.4987,VarianceParTree,zelnik5_y.zip
3,8,30,5,100.0,20.0,0.0,0.3301589488983154,0.1937,247.464,1.2097,0.7914,0.4164,0.9183,0.5869,0.5928,0.6648,0.5349,0.5928,0.553,VarianceParTree,zelnik5_y.zip
3,8,30,5,100.0,20.0,0.1,0.3235063552856445,0.1937,247.464,1.2097,0.7914,0.4164,0.9183,0.5869,0.5928,0.6648,0.5349,0.5928,0.553,VarianceParTree,zelnik5_y.zip
3,8,30,5,100.0,20.0,0.2,0.3292357921600342,0.1937,247.464,1.2097,0.7914,0.4164,0.9183,0.5869,0.5928,0.6648,0.5349,0.5928,0.553,VarianceParTree,zelnik5_y.zip
3,8,30,5,inf,100.0,0.0,1.5548806190490725,0.2008,275.2405,1.121,0.7681,0.3091,0.7554,0.4631,0.4705,0.5469,0.4128,0.4705,0.4578,VarianceParTree,zelnik5_y.zip
3,8,30,5,inf,100.0,0.1,1.5699615478515625,0.2008,275.2405,1.121,0.7681,0.3091,0.7554,0.4631,0.4705,0.5469,0.4128,0.4705,0.4578,VarianceParTree,zelnik5_y.zip
3,8,30,5,inf,100.0,0.2,1.4321660995483398,0.2008,275.2405,1.121,0.7681,0.3091,0.7554,0.4631,0.4705,0.5469,0.4128,0.4705,0.4578,VarianceParTree,zelnik5_y.zip
3,8,30,5,inf,20.0,0.0,1.5481865406036377,0.2008,275.2405,1.121,0.7681,0.3091,0.7554,0.4631,0.4705,0.5469,0.4128,0.4705,0.4578,VarianceParTree,zelnik5_y.zip
3,8,30,5,inf,20.0,0.1,1.521357774734497,0.2008,275.2405,1.121,0.7681,0.3091,0.7554,0.4631,0.4705,0.5469,0.4128,0.4705,0.4578,VarianceParTree,zelnik5_y.zip
3,8,30,5,inf,20.0,0.2,1.4195327758789062,0.2008,275.2405,1.121,0.7681,0.3091,0.7554,0.4631,0.4705,0.5469,0.4128,0.4705,0.4578,VarianceParTree,zelnik5_y.zip
3,8,30,5,inf,inf,0.0,0.901054859161377,0.3107,3.5768,0.4808,0.2575,0.0008,0.0087,0.0008,0.0122,0.0063,0.2054,0.0122,0.4987,VarianceParTree,zelnik5_y.zip
3,8,30,5,inf,inf,0.1,0.785228967666626,0.3107,3.5768,0.4808,0.2575,0.0008,0.0087,0.0008,0.0122,0.0063,0.2054,0.0122,0.4987,VarianceParTree,zelnik5_y.zip
3,8,30,5,inf,inf,0.2,0.7544186115264893,0.3107,3.5768,0.4808,0.2575,0.0008,0.0087,0.0008,0.0122,0.0063,0.2054,0.0122,0.4987,VarianceParTree,zelnik5_y.zip
3,8,3,50,1000.0,100.0,0.0,1.4340293407440186,0.2644,314.565,2.038,0.7683,0.3099,0.7554,0.4663,0.4724,0.5469,0.4158,0.4724,0.4584,VarianceParTree,zelnik5_y.zip
3,8,3,50,1000.0,100.0,0.1,1.3957676887512207,0.2644,314.565,2.038,0.7683,0.3099,0.7554,0.4663,0.4724,0.5469,0.4158,0.4724,0.4584,VarianceParTree,zelnik5_y.zip
3,8,3,50,1000.0,100.0,0.2,1.311833381652832,0.2644,314.565,2.038,0.7683,0.3099,0.7554,0.4663,0.4724,0.5469,0.4158,0.4724,0.4584,VarianceParTree,zelnik5_y.zip
3,8,3,50,1000.0,20.0,0.0,1.2555549144744873,0.2644,314.565,2.038,0.7683,0.3099,0.7554,0.4663,0.4724,0.5469,0.4158,0.4724,0.4584,VarianceParTree,zelnik5_y.zip
3,8,3,50,1000.0,20.0,0.1,1.3840982913970947,0.2644,314.565,2.038,0.7683,0.3099,0.7554,0.4663,0.4724,0.5469,0.4158,0.4724,0.4584,VarianceParTree,zelnik5_y.zip
3,8,3,50,1000.0,20.0,0.2,1.2228260040283203,0.2644,314.565,2.038,0.7683,0.3099,0.7554,0.4663,0.4724,0.5469,0.4158,0.4724,0.4584,VarianceParTree,zelnik5_y.zip
3,8,3,50,1000.0,inf,0.0,0.7884523868560791,0.3107,3.5768,0.4808,0.2575,0.0008,0.0087,0.0008,0.0122,0.0063,0.2054,0.0122,0.4987,VarianceParTree,zelnik5_y.zip
3,8,3,50,1000.0,inf,0.1,0.787071943283081,0.3107,3.5768,0.4808,0.2575,0.0008,0.0087,0.0008,0.0122,0.0063,0.2054,0.0122,0.4987,VarianceParTree,zelnik5_y.zip
3,8,3,50,1000.0,inf,0.2,0.9224691390991212,0.3107,3.5768,0.4808,0.2575,0.0008,0.0087,0.0008,0.0122,0.0063,0.2054,0.0122,0.4987,VarianceParTree,zelnik5_y.zip
3,8,3,50,100.0,20.0,0.0,0.2971701622009277,0.2537,283.1899,2.1393,0.7916,0.4171,0.9183,0.5905,0.5953,0.6648,0.539,0.5953,0.5535,VarianceParTree,zelnik5_y.zip
3,8,3,50,100.0,20.0,0.1,0.2943308353424072,0.2537,283.1899,2.1393,0.7916,0.4171,0.9183,0.5905,0.5953,0.6648,0.539,0.5953,0.5535,VarianceParTree,zelnik5_y.zip
3,8,3,50,100.0,20.0,0.2,0.2966322898864746,0.2537,283.1899,2.1393,0.7916,0.4171,0.9183,0.5905,0.5953,0.6648,0.539,0.5953,0.5535,VarianceParTree,zelnik5_y.zip
3,8,3,50,inf,100.0,0.0,1.3970904350280762,0.2644,314.565,2.038,0.7683,0.3099,0.7554,0.4663,0.4724,0.5469,0.4158,0.4724,0.4584,VarianceParTree,zelnik5_y.zip
3,8,3,50,inf,100.0,0.1,1.263291597366333,0.2644,314.565,2.038,0.7683,0.3099,0.7554,0.4663,0.4724,0.5469,0.4158,0.4724,0.4584,VarianceParTree,zelnik5_y.zip
3,8,3,50,inf,100.0,0.2,1.3974277973175049,0.2644,314.565,2.038,0.7683,0.3099,0.7554,0.4663,0.4724,0.5469,0.4158,0.4724,0.4584,VarianceParTree,zelnik5_y.zip
3,8,3,50,inf,20.0,0.0,1.4036777019500732,0.2644,314.565,2.038,0.7683,0.3099,0.7554,0.4663,0.4724,0.5469,0.4158,0.4724,0.4584,VarianceParTree,zelnik5_y.zip
3,8,3,50,inf,20.0,0.1,1.3745386600494385,0.2644,314.565,2.038,0.7683,0.3099,0.7554,0.4663,0.4724,0.5469,0.4158,0.4724,0.4584,VarianceParTree,zelnik5_y.zip
3,8,3,50,inf,20.0,0.2,1.2581791877746582,0.2644,314.565,2.038,0.7683,0.3099,0.7554,0.4663,0.4724,0.5469,0.4158,0.4724,0.4584,VarianceParTree,zelnik5_y.zip
3,8,3,50,inf,inf,0.0,0.9136631488800048,0.3107,3.5768,0.4808,0.2575,0.0008,0.0087,0.0008,0.0122,0.0063,0.2054,0.0122,0.4987,VarianceParTree,zelnik5_y.zip
3,8,3,50,inf,inf,0.1,0.8165380954742432,0.3107,3.5768,0.4808,0.2575,0.0008,0.0087,0.0008,0.0122,0.0063,0.2054,0.0122,0.4987,VarianceParTree,zelnik5_y.zip
3,8,3,50,inf,inf,0.2,0.7655706405639648,0.3107,3.5768,0.4808,0.2575,0.0008,0.0087,0.0008,0.0122,0.0063,0.2054,0.0122,0.4987,VarianceParTree,zelnik5_y.zip
3,8,3,5,1000.0,100.0,0.0,1.5698299407958984,0.2008,275.2405,1.121,0.7681,0.3091,0.7554,0.4631,0.4705,0.5469,0.4128,0.4705,0.4578,VarianceParTree,zelnik5_y.zip
3,8,3,5,1000.0,100.0,0.1,1.5337321758270264,0.2008,275.2405,1.121,0.7681,0.3091,0.7554,0.4631,0.4705,0.5469,0.4128,0.4705,0.4578,VarianceParTree,zelnik5_y.zip
3,8,3,5,1000.0,100.0,0.2,1.3956291675567627,0.2008,275.2405,1.121,0.7681,0.3091,0.7554,0.4631,0.4705,0.5469,0.4128,0.4705,0.4578,VarianceParTree,zelnik5_y.zip
3,8,3,5,1000.0,20.0,0.0,1.5685510635375977,0.2008,275.2405,1.121,0.7681,0.3091,0.7554,0.4631,0.4705,0.5469,0.4128,0.4705,0.4578,VarianceParTree,zelnik5_y.zip
3,8,3,5,1000.0,20.0,0.1,1.5649919509887695,0.2008,275.2405,1.121,0.7681,0.3091,0.7554,0.4631,0.4705,0.5469,0.4128,0.4705,0.4578,VarianceParTree,zelnik5_y.zip
3,8,3,5,1000.0,20.0,0.2,1.431732177734375,0.2008,275.2405,1.121,0.7681,0.3091,0.7554,0.4631,0.4705,0.5469,0.4128,0.4705,0.4578,VarianceParTree,zelnik5_y.zip
3,8,3,5,1000.0,inf,0.0,0.907358169555664,0.3107,3.5768,0.4808,0.2575,0.0008,0.0087,0.0008,0.0122,0.0063,0.2054,0.0122,0.4987,VarianceParTree,zelnik5_y.zip
3,8,3,5,1000.0,inf,0.1,0.7808904647827148,0.3107,3.5768,0.4808,0.2575,0.0008,0.0087,0.0008,0.0122,0.0063,0.2054,0.0122,0.4987,VarianceParTree,zelnik5_y.zip
3,8,3,5,1000.0,inf,0.2,0.7953519821166992,0.3107,3.5768,0.4808,0.2575,0.0008,0.0087,0.0008,0.0122,0.0063,0.2054,0.0122,0.4987,VarianceParTree,zelnik5_y.zip
3,8,3,5,100.0,20.0,0.0,0.3297853469848633,0.1937,247.464,1.2097,0.7914,0.4164,0.9183,0.5869,0.5928,0.6648,0.5349,0.5928,0.553,VarianceParTree,zelnik5_y.zip
3,8,3,5,100.0,20.0,0.1,0.319063663482666,0.1937,247.464,1.2097,0.7914,0.4164,0.9183,0.5869,0.5928,0.6648,0.5349,0.5928,0.553,VarianceParTree,zelnik5_y.zip
3,8,3,5,100.0,20.0,0.2,0.336921215057373,0.1937,247.464,1.2097,0.7914,0.4164,0.9183,0.5869,0.5928,0.6648,0.5349,0.5928,0.553,VarianceParTree,zelnik5_y.zip
3,8,3,5,inf,100.0,0.0,1.534888505935669,0.2008,275.2405,1.121,0.7681,0.3091,0.7554,0.4631,0.4705,0.5469,0.4128,0.4705,0.4578,VarianceParTree,zelnik5_y.zip
3,8,3,5,inf,100.0,0.1,1.5228843688964844,0.2008,275.2405,1.121,0.7681,0.3091,0.7554,0.4631,0.4705,0.5469,0.4128,0.4705,0.4578,VarianceParTree,zelnik5_y.zip
3,8,3,5,inf,100.0,0.2,1.4243876934051514,0.2008,275.2405,1.121,0.7681,0.3091,0.7554,0.4631,0.4705,0.5469,0.4128,0.4705,0.4578,VarianceParTree,zelnik5_y.zip
3,8,3,5,inf,20.0,0.0,1.5574359893798828,0.2008,275.2405,1.121,0.7681,0.3091,0.7554,0.4631,0.4705,0.5469,0.4128,0.4705,0.4578,VarianceParTree,zelnik5_y.zip
3,8,3,5,inf,20.0,0.1,1.5344221591949463,0.2008,275.2405,1.121,0.7681,0.3091,0.7554,0.4631,0.4705,0.5469,0.4128,0.4705,0.4578,VarianceParTree,zelnik5_y.zip
3,8,3,5,inf,20.0,0.2,1.42818021774292,0.2008,275.2405,1.121,0.7681,0.3091,0.7554,0.4631,0.4705,0.5469,0.4128,0.4705,0.4578,VarianceParTree,zelnik5_y.zip
3,8,3,5,inf,inf,0.0,0.9128060340881348,0.3107,3.5768,0.4808,0.2575,0.0008,0.0087,0.0008,0.0122,0.0063,0.2054,0.0122,0.4987,VarianceParTree,zelnik5_y.zip
3,8,3,5,inf,inf,0.1,0.7806985378265381,0.3107,3.5768,0.4808,0.2575,0.0008,0.0087,0.0008,0.0122,0.0063,0.2054,0.0122,0.4987,VarianceParTree,zelnik5_y.zip
3,8,3,5,inf,inf,0.2,0.8014187812805176,0.3107,3.5768,0.4808,0.2575,0.0008,0.0087,0.0008,0.0122,0.0063,0.2054,0.0122,0.4987,VarianceParTree,zelnik5_y.zip
4,10,30,50,1000.0,100.0,0.0,1.940375804901123,0.2671,333.3253,1.6389,0.7956,0.3582,0.9714,0.5522,0.5593,0.7032,0.4643,0.5593,0.4937,VarianceParTree,zelnik5_y.zip
4,10,30,50,1000.0,100.0,0.1,1.910362720489502,0.2671,333.3253,1.6389,0.7956,0.3582,0.9714,0.5522,0.5593,0.7032,0.4643,0.5593,0.4937,VarianceParTree,zelnik5_y.zip
4,10,30,50,1000.0,100.0,0.2,1.9362385272979736,0.2671,333.3253,1.6389,0.7956,0.3582,0.9714,0.5522,0.5593,0.7032,0.4643,0.5593,0.4937,VarianceParTree,zelnik5_y.zip
4,10,30,50,1000.0,20.0,0.0,1.9270882606506348,0.2671,333.3253,1.6389,0.7956,0.3582,0.9714,0.5522,0.5593,0.7032,0.4643,0.5593,0.4937,VarianceParTree,zelnik5_y.zip
4,10,30,50,1000.0,20.0,0.1,1.9107391834259035,0.2671,333.3253,1.6389,0.7956,0.3582,0.9714,0.5522,0.5593,0.7032,0.4643,0.5593,0.4937,VarianceParTree,zelnik5_y.zip
4,10,30,50,1000.0,20.0,0.2,1.8176722526550293,0.2671,333.3253,1.6389,0.7956,0.3582,0.9714,0.5522,0.5593,0.7032,0.4643,0.5593,0.4937,VarianceParTree,zelnik5_y.zip
4,10,30,50,1000.0,inf,0.0,1.0702102184295654,0.3105,3.6064,0.4784,0.2597,0.0011,0.0116,0.0012,0.0162,0.0084,0.2059,0.0162,0.498,VarianceParTree,zelnik5_y.zip
4,10,30,50,1000.0,inf,0.1,1.0618443489074707,0.3105,3.6064,0.4784,0.2597,0.0011,0.0116,0.0012,0.0162,0.0084,0.2059,0.0162,0.498,VarianceParTree,zelnik5_y.zip
4,10,30,50,1000.0,inf,0.2,1.1929385662078855,0.3105,3.6064,0.4784,0.2597,0.0011,0.0116,0.0012,0.0162,0.0084,0.2059,0.0162,0.498,VarianceParTree,zelnik5_y.zip
4,10,30,50,100.0,20.0,0.0,0.3980393409729004,0.2589,315.328,1.7431,0.8008,0.3746,1.011,0.5765,0.5833,0.7319,0.4849,0.5833,0.5079,VarianceParTree,zelnik5_y.zip
4,10,30,50,100.0,20.0,0.1,0.4075450897216797,0.2589,315.328,1.7431,0.8008,0.3746,1.011,0.5765,0.5833,0.7319,0.4849,0.5833,0.5079,VarianceParTree,zelnik5_y.zip
4,10,30,50,100.0,20.0,0.2,0.4077353477478027,0.2589,315.328,1.7431,0.8008,0.3746,1.011,0.5765,0.5833,0.7319,0.4849,0.5833,0.5079,VarianceParTree,zelnik5_y.zip
4,10,30,50,inf,100.0,0.0,1.970754861831665,0.2671,333.3253,1.6389,0.7956,0.3582,0.9714,0.5522,0.5593,0.7032,0.4643,0.5593,0.4937,VarianceParTree,zelnik5_y.zip
4,10,30,50,inf,100.0,0.1,1.9272329807281492,0.2671,333.3253,1.6389,0.7956,0.3582,0.9714,0.5522,0.5593,0.7032,0.4643,0.5593,0.4937,VarianceParTree,zelnik5_y.zip
4,10,30,50,inf,100.0,0.2,1.900439739227295,0.2671,333.3253,1.6389,0.7956,0.3582,0.9714,0.5522,0.5593,0.7032,0.4643,0.5593,0.4937,VarianceParTree,zelnik5_y.zip
4,10,30,50,inf,20.0,0.0,1.9049935340881348,0.2671,333.3253,1.6389,0.7956,0.3582,0.9714,0.5522,0.5593,0.7032,0.4643,0.5593,0.4937,VarianceParTree,zelnik5_y.zip
4,10,30,50,inf,20.0,0.1,1.9368715286254885,0.2671,333.3253,1.6389,0.7956,0.3582,0.9714,0.5522,0.5593,0.7032,0.4643,0.5593,0.4937,VarianceParTree,zelnik5_y.zip
4,10,30,50,inf,20.0,0.2,1.927396535873413,0.2671,333.3253,1.6389,0.7956,0.3582,0.9714,0.5522,0.5593,0.7032,0.4643,0.5593,0.4937,VarianceParTree,zelnik5_y.zip
4,10,30,50,inf,inf,0.0,1.1741609573364258,0.3105,3.6064,0.4784,0.2597,0.0011,0.0116,0.0012,0.0162,0.0084,0.2059,0.0162,0.498,VarianceParTree,zelnik5_y.zip
4,10,30,50,inf,inf,0.1,1.05090594291687,0.3105,3.6064,0.4784,0.2597,0.0011,0.0116,0.0012,0.0162,0.0084,0.2059,0.0162,0.498,VarianceParTree,zelnik5_y.zip
4,10,30,50,inf,inf,0.2,1.0389776229858398,0.3105,3.6064,0.4784,0.2597,0.0011,0.0116,0.0012,0.0162,0.0084,0.2059,0.0162,0.498,VarianceParTree,zelnik5_y.zip
4,10,30,5,1000.0,100.0,0.0,1.9136271476745603,0.2671,333.3253,1.6389,0.7956,0.3582,0.9714,0.5522,0.5593,0.7032,0.4643,0.5593,0.4937,VarianceParTree,zelnik5_y.zip
4,10,30,5,1000.0,100.0,0.1,1.951695680618286,0.2671,333.3253,1.6389,0.7956,0.3582,0.9714,0.5522,0.5593,0.7032,0.4643,0.5593,0.4937,VarianceParTree,zelnik5_y.zip
4,10,30,5,1000.0,100.0,0.2,1.905947208404541,0.2671,333.3253,1.6389,0.7956,0.3582,0.9714,0.5522,0.5593,0.7032,0.4643,0.5593,0.4937,VarianceParTree,zelnik5_y.zip
4,10,30,5,1000.0,20.0,0.0,1.9392433166503904,0.2671,333.3253,1.6389,0.7956,0.3582,0.9714,0.5522,0.5593,0.7032,0.4643,0.5593,0.4937,VarianceParTree,zelnik5_y.zip
4,10,30,5,1000.0,20.0,0.1,1.7675442695617676,0.2671,333.3253,1.6389,0.7956,0.3582,0.9714,0.5522,0.5593,0.7032,0.4643,0.5593,0.4937,VarianceParTree,zelnik5_y.zip
4,10,30,5,1000.0,20.0,0.2,1.904269218444824,0.2671,333.3253,1.6389,0.7956,0.3582,0.9714,0.5522,0.5593,0.7032,0.4643,0.5593,0.4937,VarianceParTree,zelnik5_y.zip
4,10,30,5,1000.0,inf,0.0,1.03033185005188,0.3105,3.6064,0.4784,0.2597,0.0011,0.0116,0.0012,0.0162,0.0084,0.2059,0.0162,0.498,VarianceParTree,zelnik5_y.zip
4,10,30,5,1000.0,inf,0.1,1.020543336868286,0.3105,3.6064,0.4784,0.2597,0.0011,0.0116,0.0012,0.0162,0.0084,0.2059,0.0162,0.498,VarianceParTree,zelnik5_y.zip
4,10,30,5,1000.0,inf,0.2,1.1812314987182615,0.3105,3.6064,0.4784,0.2597,0.0011,0.0116,0.0012,0.0162,0.0084,0.2059,0.0162,0.498,VarianceParTree,zelnik5_y.zip
4,10,30,5,100.0,20.0,0.0,0.390909194946289,0.2589,315.328,1.7431,0.8008,0.3746,1.011,0.5765,0.5833,0.7319,0.4849,0.5833,0.5079,VarianceParTree,zelnik5_y.zip
4,10,30,5,100.0,20.0,0.1,0.4105873107910156,0.2589,315.328,1.7431,0.8008,0.3746,1.011,0.5765,0.5833,0.7319,0.4849,0.5833,0.5079,VarianceParTree,zelnik5_y.zip
4,10,30,5,100.0,20.0,0.2,0.3939919471740722,0.2589,315.328,1.7431,0.8008,0.3746,1.011,0.5765,0.5833,0.7319,0.4849,0.5833,0.5079,VarianceParTree,zelnik5_y.zip
4,10,30,5,inf,100.0,0.0,1.9289453029632568,0.2671,333.3253,1.6389,0.7956,0.3582,0.9714,0.5522,0.5593,0.7032,0.4643,0.5593,0.4937,VarianceParTree,zelnik5_y.zip
4,10,30,5,inf,100.0,0.1,1.8984198570251465,0.2671,333.3253,1.6389,0.7956,0.3582,0.9714,0.5522,0.5593,0.7032,0.4643,0.5593,0.4937,VarianceParTree,zelnik5_y.zip
4,10,30,5,inf,100.0,0.2,1.9323022365570068,0.2671,333.3253,1.6389,0.7956,0.3582,0.9714,0.5522,0.5593,0.7032,0.4643,0.5593,0.4937,VarianceParTree,zelnik5_y.zip
4,10,30,5,inf,20.0,0.0,1.9167375564575195,0.2671,333.3253,1.6389,0.7956,0.3582,0.9714,0.5522,0.5593,0.7032,0.4643,0.5593,0.4937,VarianceParTree,zelnik5_y.zip
4,10,30,5,inf,20.0,0.1,1.9634008407592771,0.2671,333.3253,1.6389,0.7956,0.3582,0.9714,0.5522,0.5593,0.7032,0.4643,0.5593,0.4937,VarianceParTree,zelnik5_y.zip
4,10,30,5,inf,20.0,0.2,1.948927640914917,0.2671,333.3253,1.6389,0.7956,0.3582,0.9714,0.5522,0.5593,0.7032,0.4643,0.5593,0.4937,VarianceParTree,zelnik5_y.zip
4,10,30,5,inf,inf,0.0,1.181579828262329,0.3105,3.6064,0.4784,0.2597,0.0011,0.0116,0.0012,0.0162,0.0084,0.2059,0.0162,0.498,VarianceParTree,zelnik5_y.zip
4,10,30,5,inf,inf,0.1,1.032156229019165,0.3105,3.6064,0.4784,0.2597,0.0011,0.0116,0.0012,0.0162,0.0084,0.2059,0.0162,0.498,VarianceParTree,zelnik5_y.zip
4,10,30,5,inf,inf,0.2,1.0306460857391355,0.3105,3.6064,0.4784,0.2597,0.0011,0.0116,0.0012,0.0162,0.0084,0.2059,0.0162,0.498,VarianceParTree,zelnik5_y.zip
4,10,3,50,1000.0,100.0,0.0,1.9295248985290527,0.2671,333.3253,1.6389,0.7956,0.3582,0.9714,0.5522,0.5593,0.7032,0.4643,0.5593,0.4937,VarianceParTree,zelnik5_y.zip
4,10,3,50,1000.0,100.0,0.1,1.9180872440338133,0.2671,333.3253,1.6389,0.7956,0.3582,0.9714,0.5522,0.5593,0.7032,0.4643,0.5593,0.4937,VarianceParTree,zelnik5_y.zip
4,10,3,50,1000.0,100.0,0.2,1.9395394325256348,0.2671,333.3253,1.6389,0.7956,0.3582,0.9714,0.5522,0.5593,0.7032,0.4643,0.5593,0.4937,VarianceParTree,zelnik5_y.zip
4,10,3,50,1000.0,20.0,0.0,1.8036489486694336,0.2671,333.3253,1.6389,0.7956,0.3582,0.9714,0.5522,0.5593,0.7032,0.4643,0.5593,0.4937,VarianceParTree,zelnik5_y.zip
4,10,3,50,1000.0,20.0,0.1,1.9324607849121092,0.2671,333.3253,1.6389,0.7956,0.3582,0.9714,0.5522,0.5593,0.7032,0.4643,0.5593,0.4937,VarianceParTree,zelnik5_y.zip
4,10,3,50,1000.0,20.0,0.2,1.9295790195465088,0.2671,333.3253,1.6389,0.7956,0.3582,0.9714,0.5522,0.5593,0.7032,0.4643,0.5593,0.4937,VarianceParTree,zelnik5_y.zip
4,10,3,50,1000.0,inf,0.0,1.1773066520690918,0.3105,3.6064,0.4784,0.2597,0.0011,0.0116,0.0012,0.0162,0.0084,0.2059,0.0162,0.498,VarianceParTree,zelnik5_y.zip
4,10,3,50,1000.0,inf,0.1,1.0369374752044678,0.3105,3.6064,0.4784,0.2597,0.0011,0.0116,0.0012,0.0162,0.0084,0.2059,0.0162,0.498,VarianceParTree,zelnik5_y.zip
4,10,3,50,1000.0,inf,0.2,1.161574363708496,0.3105,3.6064,0.4784,0.2597,0.0011,0.0116,0.0012,0.0162,0.0084,0.2059,0.0162,0.498,VarianceParTree,zelnik5_y.zip
4,10,3,50,100.0,20.0,0.0,0.4008383750915527,0.2589,315.328,1.7431,0.8008,0.3746,1.011,0.5765,0.5833,0.7319,0.4849,0.5833,0.5079,VarianceParTree,zelnik5_y.zip
4,10,3,50,100.0,20.0,0.1,0.4069879055023193,0.2589,315.328,1.7431,0.8008,0.3746,1.011,0.5765,0.5833,0.7319,0.4849,0.5833,0.5079,VarianceParTree,zelnik5_y.zip
4,10,3,50,100.0,20.0,0.2,0.405698299407959,0.2589,315.328,1.7431,0.8008,0.3746,1.011,0.5765,0.5833,0.7319,0.4849,0.5833,0.5079,VarianceParTree,zelnik5_y.zip
4,10,3,50,inf,100.0,0.0,1.98469352722168,0.2671,333.3253,1.6389,0.7956,0.3582,0.9714,0.5522,0.5593,0.7032,0.4643,0.5593,0.4937,VarianceParTree,zelnik5_y.zip
4,10,3,50,inf,100.0,0.1,1.9230260848999023,0.2671,333.3253,1.6389,0.7956,0.3582,0.9714,0.5522,0.5593,0.7032,0.4643,0.5593,0.4937,VarianceParTree,zelnik5_y.zip
4,10,3,50,inf,100.0,0.2,1.7874886989593506,0.2671,333.3253,1.6389,0.7956,0.3582,0.9714,0.5522,0.5593,0.7032,0.4643,0.5593,0.4937,VarianceParTree,zelnik5_y.zip
4,10,3,50,inf,20.0,0.0,1.9530842304229736,0.2671,333.3253,1.6389,0.7956,0.3582,0.9714,0.5522,0.5593,0.7032,0.4643,0.5593,0.4937,VarianceParTree,zelnik5_y.zip
4,10,3,50,inf,20.0,0.1,1.937152862548828,0.2671,333.3253,1.6389,0.7956,0.3582,0.9714,0.5522,0.5593,0.7032,0.4643,0.5593,0.4937,VarianceParTree,zelnik5_y.zip
4,10,3,50,inf,20.0,0.2,1.944519281387329,0.2671,333.3253,1.6389,0.7956,0.3582,0.9714,0.5522,0.5593,0.7032,0.4643,0.5593,0.4937,VarianceParTree,zelnik5_y.zip
4,10,3,50,inf,inf,0.0,1.010941982269287,0.3105,3.6064,0.4784,0.2597,0.0011,0.0116,0.0012,0.0162,0.0084,0.2059,0.0162,0.498,VarianceParTree,zelnik5_y.zip
4,10,3,50,inf,inf,0.1,1.1659786701202393,0.3105,3.6064,0.4784,0.2597,0.0011,0.0116,0.0012,0.0162,0.0084,0.2059,0.0162,0.498,VarianceParTree,zelnik5_y.zip
4,10,3,50,inf,inf,0.2,1.0680365562438965,0.3105,3.6064,0.4784,0.2597,0.0011,0.0116,0.0012,0.0162,0.0084,0.2059,0.0162,0.498,VarianceParTree,zelnik5_y.zip
4,10,3,5,1000.0,100.0,0.0,1.8691701889038088,0.2671,333.3253,1.6389,0.7956,0.3582,0.9714,0.5522,0.5593,0.7032,0.4643,0.5593,0.4937,VarianceParTree,zelnik5_y.zip
4,10,3,5,1000.0,100.0,0.1,1.879399061203003,0.2671,333.3253,1.6389,0.7956,0.3582,0.9714,0.5522,0.5593,0.7032,0.4643,0.5593,0.4937,VarianceParTree,zelnik5_y.zip
4,10,3,5,1000.0,100.0,0.2,1.857898473739624,0.2671,333.3253,1.6389,0.7956,0.3582,0.9714,0.5522,0.5593,0.7032,0.4643,0.5593,0.4937,VarianceParTree,zelnik5_y.zip
4,10,3,5,1000.0,20.0,0.0,1.8489809036254885,0.2671,333.3253,1.6389,0.7956,0.3582,0.9714,0.5522,0.5593,0.7032,0.4643,0.5593,0.4937,VarianceParTree,zelnik5_y.zip
4,10,3,5,1000.0,20.0,0.1,1.8803844451904297,0.2671,333.3253,1.6389,0.7956,0.3582,0.9714,0.5522,0.5593,0.7032,0.4643,0.5593,0.4937,VarianceParTree,zelnik5_y.zip
4,10,3,5,1000.0,20.0,0.2,1.849294900894165,0.2671,333.3253,1.6389,0.7956,0.3582,0.9714,0.5522,0.5593,0.7032,0.4643,0.5593,0.4937,VarianceParTree,zelnik5_y.zip
4,10,3,5,1000.0,inf,0.0,1.0087356567382812,0.3105,3.6064,0.4784,0.2597,0.0011,0.0116,0.0012,0.0162,0.0084,0.2059,0.0162,0.498,VarianceParTree,zelnik5_y.zip
4,10,3,5,1000.0,inf,0.1,1.1736652851104736,0.3105,3.6064,0.4784,0.2597,0.0011,0.0116,0.0012,0.0162,0.0084,0.2059,0.0162,0.498,VarianceParTree,zelnik5_y.zip
4,10,3,5,1000.0,inf,0.2,1.0451760292053225,0.3105,3.6064,0.4784,0.2597,0.0011,0.0116,0.0012,0.0162,0.0084,0.2059,0.0162,0.498,VarianceParTree,zelnik5_y.zip
4,10,3,5,100.0,20.0,0.0,0.409402847290039,0.2589,315.328,1.7431,0.8008,0.3746,1.011,0.5765,0.5833,0.7319,0.4849,0.5833,0.5079,VarianceParTree,zelnik5_y.zip
4,10,3,5,100.0,20.0,0.1,0.4039528369903564,0.2589,315.328,1.7431,0.8008,0.3746,1.011,0.5765,0.5833,0.7319,0.4849,0.5833,0.5079,VarianceParTree,zelnik5_y.zip
4,10,3,5,100.0,20.0,0.2,0.4025375843048095,0.2589,315.328,1.7431,0.8008,0.3746,1.011,0.5765,0.5833,0.7319,0.4849,0.5833,0.5079,VarianceParTree,zelnik5_y.zip
4,10,3,5,inf,100.0,0.0,1.9163167476654053,0.2671,333.3253,1.6389,0.7956,0.3582,0.9714,0.5522,0.5593,0.7032,0.4643,0.5593,0.4937,VarianceParTree,zelnik5_y.zip
4,10,3,5,inf,100.0,0.1,1.931030511856079,0.2671,333.3253,1.6389,0.7956,0.3582,0.9714,0.5522,0.5593,0.7032,0.4643,0.5593,0.4937,VarianceParTree,zelnik5_y.zip
4,10,3,5,inf,100.0,0.2,1.9192800521850584,0.2671,333.3253,1.6389,0.7956,0.3582,0.9714,0.5522,0.5593,0.7032,0.4643,0.5593,0.4937,VarianceParTree,zelnik5_y.zip
4,10,3,5,inf,20.0,0.0,1.9105103015899656,0.2671,333.3253,1.6389,0.7956,0.3582,0.9714,0.5522,0.5593,0.7032,0.4643,0.5593,0.4937,VarianceParTree,zelnik5_y.zip
4,10,3,5,inf,20.0,0.1,1.9158222675323489,0.2671,333.3253,1.6389,0.7956,0.3582,0.9714,0.5522,0.5593,0.7032,0.4643,0.5593,0.4937,VarianceParTree,zelnik5_y.zip
4,10,3,5,inf,20.0,0.2,1.938731670379639,0.2671,333.3253,1.6389,0.7956,0.3582,0.9714,0.5522,0.5593,0.7032,0.4643,0.5593,0.4937,VarianceParTree,zelnik5_y.zip
4,10,3,5,inf,inf,0.0,1.1930959224700928,0.3105,3.6064,0.4784,0.2597,0.0011,0.0116,0.0012,0.0162,0.0084,0.2059,0.0162,0.498,VarianceParTree,zelnik5_y.zip
4,10,3,5,inf,inf,0.1,1.0456457138061523,0.3105,3.6064,0.4784,0.2597,0.0011,0.0116,0.0012,0.0162,0.0084,0.2059,0.0162,0.498,VarianceParTree,zelnik5_y.zip
4,10,3,5,inf,inf,0.2,1.025397539138794,0.3105,3.6064,0.4784,0.2597,0.0011,0.0116,0.0012,0.0162,0.0084,0.2059,0.0162,0.498,VarianceParTree,zelnik5_y.zip
4,12,30,50,1000.0,100.0,0.0,2.328575611114502,0.2867,337.519,1.0193,0.7954,0.3451,1.031,0.563,0.5712,0.7464,0.4627,0.5712,0.4824,VarianceParTree,zelnik5_y.zip
4,12,30,50,1000.0,100.0,0.1,2.2405478954315186,0.2867,337.519,1.0193,0.7954,0.3451,1.031,0.563,0.5712,0.7464,0.4627,0.5712,0.4824,VarianceParTree,zelnik5_y.zip
4,12,30,50,1000.0,100.0,0.2,2.2610929012298584,0.2867,337.519,1.0193,0.7954,0.3451,1.031,0.563,0.5712,0.7464,0.4627,0.5712,0.4824,VarianceParTree,zelnik5_y.zip
4,12,30,50,1000.0,20.0,0.0,2.271669864654541,0.2867,337.519,1.0193,0.7954,0.3451,1.031,0.563,0.5712,0.7464,0.4627,0.5712,0.4824,VarianceParTree,zelnik5_y.zip
4,12,30,50,1000.0,20.0,0.1,2.276587963104248,0.2867,337.519,1.0193,0.7954,0.3451,1.031,0.563,0.5712,0.7464,0.4627,0.5712,0.4824,VarianceParTree,zelnik5_y.zip
4,12,30,50,1000.0,20.0,0.2,2.4546749591827397,0.2867,337.519,1.0193,0.7954,0.3451,1.031,0.563,0.5712,0.7464,0.4627,0.5712,0.4824,VarianceParTree,zelnik5_y.zip
4,12,30,50,1000.0,inf,0.0,1.065157175064087,0.3105,3.6064,0.4784,0.2597,0.0011,0.0116,0.0012,0.0162,0.0084,0.2059,0.0162,0.498,VarianceParTree,zelnik5_y.zip
4,12,30,50,1000.0,inf,0.1,1.209911584854126,0.3105,3.6064,0.4784,0.2597,0.0011,0.0116,0.0012,0.0162,0.0084,0.2059,0.0162,0.498,VarianceParTree,zelnik5_y.zip
4,12,30,50,1000.0,inf,0.2,1.0501267910003662,0.3105,3.6064,0.4784,0.2597,0.0011,0.0116,0.0012,0.0162,0.0084,0.2059,0.0162,0.498,VarianceParTree,zelnik5_y.zip
4,12,30,50,100.0,20.0,0.0,0.5808072090148926,0.301,334.0117,1.1603,0.7964,0.3529,1.0207,0.567,0.5745,0.7389,0.47,0.5745,0.4891,VarianceParTree,zelnik5_y.zip
4,12,30,50,100.0,20.0,0.1,0.4466502666473388,0.301,334.0117,1.1603,0.7964,0.3529,1.0207,0.567,0.5745,0.7389,0.47,0.5745,0.4891,VarianceParTree,zelnik5_y.zip
4,12,30,50,100.0,20.0,0.2,0.4328141212463379,0.301,334.0117,1.1603,0.7964,0.3529,1.0207,0.567,0.5745,0.7389,0.47,0.5745,0.4891,VarianceParTree,zelnik5_y.zip
4,12,30,50,inf,100.0,0.0,2.2898058891296387,0.2867,337.519,1.0193,0.7954,0.3451,1.031,0.563,0.5712,0.7464,0.4627,0.5712,0.4824,VarianceParTree,zelnik5_y.zip
4,12,30,50,inf,100.0,0.1,2.2865891456604004,0.2867,337.519,1.0193,0.7954,0.3451,1.031,0.563,0.5712,0.7464,0.4627,0.5712,0.4824,VarianceParTree,zelnik5_y.zip
4,12,30,50,inf,100.0,0.2,2.281401872634888,0.2867,337.519,1.0193,0.7954,0.3451,1.031,0.563,0.5712,0.7464,0.4627,0.5712,0.4824,VarianceParTree,zelnik5_y.zip
4,12,30,50,inf,20.0,0.0,2.2800443172454834,0.2867,337.519,1.0193,0.7954,0.3451,1.031,0.563,0.5712,0.7464,0.4627,0.5712,0.4824,VarianceParTree,zelnik5_y.zip
4,12,30,50,inf,20.0,0.1,2.3567254543304443,0.2867,337.519,1.0193,0.7954,0.3451,1.031,0.563,0.5712,0.7464,0.4627,0.5712,0.4824,VarianceParTree,zelnik5_y.zip
4,12,30,50,inf,20.0,0.2,2.293715000152588,0.2867,337.519,1.0193,0.7954,0.3451,1.031,0.563,0.5712,0.7464,0.4627,0.5712,0.4824,VarianceParTree,zelnik5_y.zip
4,12,30,50,inf,inf,0.0,1.1605887413024902,0.3105,3.6064,0.4784,0.2597,0.0011,0.0116,0.0012,0.0162,0.0084,0.2059,0.0162,0.498,VarianceParTree,zelnik5_y.zip
4,12,30,50,inf,inf,0.1,1.0253546237945557,0.3105,3.6064,0.4784,0.2597,0.0011,0.0116,0.0012,0.0162,0.0084,0.2059,0.0162,0.498,VarianceParTree,zelnik5_y.zip
4,12,30,50,inf,inf,0.2,1.0218253135681152,0.3105,3.6064,0.4784,0.2597,0.0011,0.0116,0.0012,0.0162,0.0084,0.2059,0.0162,0.498,VarianceParTree,zelnik5_y.zip
4,12,30,5,1000.0,100.0,0.0,2.273834228515625,0.2867,337.519,1.0193,0.7954,0.3451,1.031,0.563,0.5712,0.7464,0.4627,0.5712,0.4824,VarianceParTree,zelnik5_y.zip
4,12,30,5,1000.0,100.0,0.1,2.26484489440918,0.2867,337.519,1.0193,0.7954,0.3451,1.031,0.563,0.5712,0.7464,0.4627,0.5712,0.4824,VarianceParTree,zelnik5_y.zip
4,12,30,5,1000.0,100.0,0.2,2.312949657440185,0.2867,337.519,1.0193,0.7954,0.3451,1.031,0.563,0.5712,0.7464,0.4627,0.5712,0.4824,VarianceParTree,zelnik5_y.zip
4,12,30,5,1000.0,20.0,0.0,2.23846697807312,0.2867,337.519,1.0193,0.7954,0.3451,1.031,0.563,0.5712,0.7464,0.4627,0.5712,0.4824,VarianceParTree,zelnik5_y.zip
4,12,30,5,1000.0,20.0,0.1,2.231358289718628,0.2867,337.519,1.0193,0.7954,0.3451,1.031,0.563,0.5712,0.7464,0.4627,0.5712,0.4824,VarianceParTree,zelnik5_y.zip
4,12,30,5,1000.0,20.0,0.2,2.263580322265625,0.2867,337.519,1.0193,0.7954,0.3451,1.031,0.563,0.5712,0.7464,0.4627,0.5712,0.4824,VarianceParTree,zelnik5_y.zip
4,12,30,5,1000.0,inf,0.0,1.1555321216583252,0.3105,3.6064,0.4784,0.2597,0.0011,0.0116,0.0012,0.0162,0.0084,0.2059,0.0162,0.498,VarianceParTree,zelnik5_y.zip
4,12,30,5,1000.0,inf,0.1,1.046736240386963,0.3105,3.6064,0.4784,0.2597,0.0011,0.0116,0.0012,0.0162,0.0084,0.2059,0.0162,0.498,VarianceParTree,zelnik5_y.zip
4,12,30,5,1000.0,inf,0.2,1.167285680770874,0.3105,3.6064,0.4784,0.2597,0.0011,0.0116,0.0012,0.0162,0.0084,0.2059,0.0162,0.498,VarianceParTree,zelnik5_y.zip
4,12,30,5,100.0,20.0,0.0,0.4921982288360595,0.2906,330.0317,1.1071,0.7922,0.3351,1.0207,0.5561,0.5645,0.7389,0.4567,0.5645,0.4735,VarianceParTree,zelnik5_y.zip
4,12,30,5,100.0,20.0,0.1,0.4780642986297607,0.2906,330.0317,1.1071,0.7922,0.3351,1.0207,0.5561,0.5645,0.7389,0.4567,0.5645,0.4735,VarianceParTree,zelnik5_y.zip
4,12,30,5,100.0,20.0,0.2,0.5386083126068115,0.2906,330.0317,1.1071,0.7922,0.3351,1.0207,0.5561,0.5645,0.7389,0.4567,0.5645,0.4735,VarianceParTree,zelnik5_y.zip
4,12,30,5,inf,100.0,0.0,2.277973890304565,0.2867,337.519,1.0193,0.7954,0.3451,1.031,0.563,0.5712,0.7464,0.4627,0.5712,0.4824,VarianceParTree,zelnik5_y.zip
4,12,30,5,inf,100.0,0.1,2.2880117893218994,0.2867,337.519,1.0193,0.7954,0.3451,1.031,0.563,0.5712,0.7464,0.4627,0.5712,0.4824,VarianceParTree,zelnik5_y.zip
4,12,30,5,inf,100.0,0.2,2.2647664546966557,0.2867,337.519,1.0193,0.7954,0.3451,1.031,0.563,0.5712,0.7464,0.4627,0.5712,0.4824,VarianceParTree,zelnik5_y.zip
4,12,30,5,inf,20.0,0.0,2.2557804584503174,0.2867,337.519,1.0193,0.7954,0.3451,1.031,0.563,0.5712,0.7464,0.4627,0.5712,0.4824,VarianceParTree,zelnik5_y.zip
4,12,30,5,inf,20.0,0.1,2.2718467712402344,0.2867,337.519,1.0193,0.7954,0.3451,1.031,0.563,0.5712,0.7464,0.4627,0.5712,0.4824,VarianceParTree,zelnik5_y.zip
4,12,30,5,inf,20.0,0.2,2.2478747367858887,0.2867,337.519,1.0193,0.7954,0.3451,1.031,0.563,0.5712,0.7464,0.4627,0.5712,0.4824,VarianceParTree,zelnik5_y.zip
4,12,30,5,inf,inf,0.0,1.0156841278076172,0.3105,3.6064,0.4784,0.2597,0.0011,0.0116,0.0012,0.0162,0.0084,0.2059,0.0162,0.498,VarianceParTree,zelnik5_y.zip
4,12,30,5,inf,inf,0.1,1.037276268005371,0.3105,3.6064,0.4784,0.2597,0.0011,0.0116,0.0012,0.0162,0.0084,0.2059,0.0162,0.498,VarianceParTree,zelnik5_y.zip
4,12,30,5,inf,inf,0.2,1.1570768356323242,0.3105,3.6064,0.4784,0.2597,0.0011,0.0116,0.0012,0.0162,0.0084,0.2059,0.0162,0.498,VarianceParTree,zelnik5_y.zip
4,12,3,50,1000.0,100.0,0.0,2.2705628871917725,0.2867,337.519,1.0193,0.7954,0.3451,1.031,0.563,0.5712,0.7464,0.4627,0.5712,0.4824,VarianceParTree,zelnik5_y.zip
4,12,3,50,1000.0,100.0,0.1,2.2755823135375977,0.2867,337.519,1.0193,0.7954,0.3451,1.031,0.563,0.5712,0.7464,0.4627,0.5712,0.4824,VarianceParTree,zelnik5_y.zip
4,12,3,50,1000.0,100.0,0.2,2.3039822578430176,0.2867,337.519,1.0193,0.7954,0.3451,1.031,0.563,0.5712,0.7464,0.4627,0.5712,0.4824,VarianceParTree,zelnik5_y.zip
4,12,3,50,1000.0,20.0,0.0,2.2771143913269043,0.2867,337.519,1.0193,0.7954,0.3451,1.031,0.563,0.5712,0.7464,0.4627,0.5712,0.4824,VarianceParTree,zelnik5_y.zip
4,12,3,50,1000.0,20.0,0.1,2.2912373542785645,0.2867,337.519,1.0193,0.7954,0.3451,1.031,0.563,0.5712,0.7464,0.4627,0.5712,0.4824,VarianceParTree,zelnik5_y.zip
4,12,3,50,1000.0,20.0,0.2,2.27642822265625,0.2867,337.519,1.0193,0.7954,0.3451,1.031,0.563,0.5712,0.7464,0.4627,0.5712,0.4824,VarianceParTree,zelnik5_y.zip
4,12,3,50,1000.0,inf,0.0,1.0306620597839355,0.3105,3.6064,0.4784,0.2597,0.0011,0.0116,0.0012,0.0162,0.0084,0.2059,0.0162,0.498,VarianceParTree,zelnik5_y.zip
4,12,3,50,1000.0,inf,0.1,1.029322385787964,0.3105,3.6064,0.4784,0.2597,0.0011,0.0116,0.0012,0.0162,0.0084,0.2059,0.0162,0.498,VarianceParTree,zelnik5_y.zip
4,12,3,50,1000.0,inf,0.2,1.1645550727844238,0.3105,3.6064,0.4784,0.2597,0.0011,0.0116,0.0012,0.0162,0.0084,0.2059,0.0162,0.498,VarianceParTree,zelnik5_y.zip
4,12,3,50,100.0,20.0,0.0,0.5742628574371338,0.301,334.0117,1.1603,0.7964,0.3529,1.0207,0.567,0.5745,0.7389,0.47,0.5745,0.4891,VarianceParTree,zelnik5_y.zip
4,12,3,50,100.0,20.0,0.1,0.4403092861175537,0.301,334.0117,1.1603,0.7964,0.3529,1.0207,0.567,0.5745,0.7389,0.47,0.5745,0.4891,VarianceParTree,zelnik5_y.zip
4,12,3,50,100.0,20.0,0.2,0.4419410228729248,0.301,334.0117,1.1603,0.7964,0.3529,1.0207,0.567,0.5745,0.7389,0.47,0.5745,0.4891,VarianceParTree,zelnik5_y.zip
4,12,3,50,inf,100.0,0.0,2.371075391769409,0.2867,337.519,1.0193,0.7954,0.3451,1.031,0.563,0.5712,0.7464,0.4627,0.5712,0.4824,VarianceParTree,zelnik5_y.zip
4,12,3,50,inf,100.0,0.1,2.2565903663635254,0.2867,337.519,1.0193,0.7954,0.3451,1.031,0.563,0.5712,0.7464,0.4627,0.5712,0.4824,VarianceParTree,zelnik5_y.zip
4,12,3,50,inf,100.0,0.2,2.278602838516236,0.2867,337.519,1.0193,0.7954,0.3451,1.031,0.563,0.5712,0.7464,0.4627,0.5712,0.4824,VarianceParTree,zelnik5_y.zip
4,12,3,50,inf,20.0,0.0,2.270266532897949,0.2867,337.519,1.0193,0.7954,0.3451,1.031,0.563,0.5712,0.7464,0.4627,0.5712,0.4824,VarianceParTree,zelnik5_y.zip
4,12,3,50,inf,20.0,0.1,2.2575855255126958,0.2867,337.519,1.0193,0.7954,0.3451,1.031,0.563,0.5712,0.7464,0.4627,0.5712,0.4824,VarianceParTree,zelnik5_y.zip
4,12,3,50,inf,20.0,0.2,2.2755844593048096,0.2867,337.519,1.0193,0.7954,0.3451,1.031,0.563,0.5712,0.7464,0.4627,0.5712,0.4824,VarianceParTree,zelnik5_y.zip
4,12,3,50,inf,inf,0.0,1.0479226112365725,0.3105,3.6064,0.4784,0.2597,0.0011,0.0116,0.0012,0.0162,0.0084,0.2059,0.0162,0.498,VarianceParTree,zelnik5_y.zip
4,12,3,50,inf,inf,0.1,1.161987543106079,0.3105,3.6064,0.4784,0.2597,0.0011,0.0116,0.0012,0.0162,0.0084,0.2059,0.0162,0.498,VarianceParTree,zelnik5_y.zip
4,12,3,50,inf,inf,0.2,1.0749704837799072,0.3105,3.6064,0.4784,0.2597,0.0011,0.0116,0.0012,0.0162,0.0084,0.2059,0.0162,0.498,VarianceParTree,zelnik5_y.zip
4,12,3,5,1000.0,100.0,0.0,2.197364568710327,0.2867,337.519,1.0193,0.7954,0.3451,1.031,0.563,0.5712,0.7464,0.4627,0.5712,0.4824,VarianceParTree,zelnik5_y.zip
4,12,3,5,1000.0,100.0,0.1,2.2033731937408447,0.2867,337.519,1.0193,0.7954,0.3451,1.031,0.563,0.5712,0.7464,0.4627,0.5712,0.4824,VarianceParTree,zelnik5_y.zip
4,12,3,5,1000.0,100.0,0.2,2.171849012374878,0.2867,337.519,1.0193,0.7954,0.3451,1.031,0.563,0.5712,0.7464,0.4627,0.5712,0.4824,VarianceParTree,zelnik5_y.zip
4,12,3,5,1000.0,20.0,0.0,2.191898822784424,0.2867,337.519,1.0193,0.7954,0.3451,1.031,0.563,0.5712,0.7464,0.4627,0.5712,0.4824,VarianceParTree,zelnik5_y.zip
4,12,3,5,1000.0,20.0,0.1,2.213989019393921,0.2867,337.519,1.0193,0.7954,0.3451,1.031,0.563,0.5712,0.7464,0.4627,0.5712,0.4824,VarianceParTree,zelnik5_y.zip
4,12,3,5,1000.0,20.0,0.2,2.2535691261291504,0.2867,337.519,1.0193,0.7954,0.3451,1.031,0.563,0.5712,0.7464,0.4627,0.5712,0.4824,VarianceParTree,zelnik5_y.zip
4,12,3,5,1000.0,inf,0.0,1.022174596786499,0.3105,3.6064,0.4784,0.2597,0.0011,0.0116,0.0012,0.0162,0.0084,0.2059,0.0162,0.498,VarianceParTree,zelnik5_y.zip
4,12,3,5,1000.0,inf,0.1,1.0622227191925049,0.3105,3.6064,0.4784,0.2597,0.0011,0.0116,0.0012,0.0162,0.0084,0.2059,0.0162,0.498,VarianceParTree,zelnik5_y.zip
4,12,3,5,1000.0,inf,0.2,1.1805915832519531,0.3105,3.6064,0.4784,0.2597,0.0011,0.0116,0.0012,0.0162,0.0084,0.2059,0.0162,0.498,VarianceParTree,zelnik5_y.zip
4,12,3,5,100.0,20.0,0.0,0.5444493293762207,0.2906,330.0317,1.1071,0.7922,0.3351,1.0207,0.5561,0.5645,0.7389,0.4567,0.5645,0.4735,VarianceParTree,zelnik5_y.zip
4,12,3,5,100.0,20.0,0.1,0.4682910442352295,0.2906,330.0317,1.1071,0.7922,0.3351,1.0207,0.5561,0.5645,0.7389,0.4567,0.5645,0.4735,VarianceParTree,zelnik5_y.zip
4,12,3,5,100.0,20.0,0.2,0.4819016456604004,0.2906,330.0317,1.1071,0.7922,0.3351,1.0207,0.5561,0.5645,0.7389,0.4567,0.5645,0.4735,VarianceParTree,zelnik5_y.zip
4,12,3,5,inf,100.0,0.0,2.328395128250122,0.2867,337.519,1.0193,0.7954,0.3451,1.031,0.563,0.5712,0.7464,0.4627,0.5712,0.4824,VarianceParTree,zelnik5_y.zip
4,12,3,5,inf,100.0,0.1,2.301630973815918,0.2867,337.519,1.0193,0.7954,0.3451,1.031,0.563,0.5712,0.7464,0.4627,0.5712,0.4824,VarianceParTree,zelnik5_y.zip
4,12,3,5,inf,100.0,0.2,2.3131821155548096,0.2867,337.519,1.0193,0.7954,0.3451,1.031,0.563,0.5712,0.7464,0.4627,0.5712,0.4824,VarianceParTree,zelnik5_y.zip
4,12,3,5,inf,20.0,0.0,2.242316484451294,0.2867,337.519,1.0193,0.7954,0.3451,1.031,0.563,0.5712,0.7464,0.4627,0.5712,0.4824,VarianceParTree,zelnik5_y.zip
4,12,3,5,inf,20.0,0.1,2.250274896621704,0.2867,337.519,1.0193,0.7954,0.3451,1.031,0.563,0.5712,0.7464,0.4627,0.5712,0.4824,VarianceParTree,zelnik5_y.zip
4,12,3,5,inf,20.0,0.2,2.259037494659424,0.2867,337.519,1.0193,0.7954,0.3451,1.031,0.563,0.5712,0.7464,0.4627,0.5712,0.4824,VarianceParTree,zelnik5_y.zip
4,12,3,5,inf,inf,0.0,1.1865499019622805,0.3105,3.6064,0.4784,0.2597,0.0011,0.0116,0.0012,0.0162,0.0084,0.2059,0.0162,0.498,VarianceParTree,zelnik5_y.zip
4,12,3,5,inf,inf,0.1,1.059908390045166,0.3105,3.6064,0.4784,0.2597,0.0011,0.0116,0.0012,0.0162,0.0084,0.2059,0.0162,0.498,VarianceParTree,zelnik5_y.zip
4,12,3,5,inf,inf,0.2,1.052701473236084,0.3105,3.6064,0.4784,0.2597,0.0011,0.0116,0.0012,0.0162,0.0084,0.2059,0.0162,0.498,VarianceParTree,zelnik5_y.zip
4,2,30,50,1000.0,100.0,0.0,0.2561125755310058,0.3394,251.819,1.0811,0.6297,0.2861,0.4549,0.4453,0.4469,0.3293,0.6953,0.4469,0.5694,VarianceParTree,zelnik5_y.zip
4,2,30,50,1000.0,100.0,0.1,0.2690258026123047,0.3394,251.819,1.0811,0.6297,0.2861,0.4549,0.4453,0.4469,0.3293,0.6953,0.4469,0.5694,VarianceParTree,zelnik5_y.zip
4,2,30,50,1000.0,100.0,0.2,0.267958402633667,0.3394,251.819,1.0811,0.6297,0.2861,0.4549,0.4453,0.4469,0.3293,0.6953,0.4469,0.5694,VarianceParTree,zelnik5_y.zip
4,2,30,50,1000.0,20.0,0.0,0.2650387287139892,0.3394,251.819,1.0811,0.6297,0.2861,0.4549,0.4453,0.4469,0.3293,0.6953,0.4469,0.5694,VarianceParTree,zelnik5_y.zip
4,2,30,50,1000.0,20.0,0.1,0.268437385559082,0.3394,251.819,1.0811,0.6297,0.2861,0.4549,0.4453,0.4469,0.3293,0.6953,0.4469,0.5694,VarianceParTree,zelnik5_y.zip
4,2,30,50,1000.0,20.0,0.2,0.2615699768066406,0.3394,251.819,1.0811,0.6297,0.2861,0.4549,0.4453,0.4469,0.3293,0.6953,0.4469,0.5694,VarianceParTree,zelnik5_y.zip
4,2,30,50,1000.0,inf,0.0,0.2724723815917969,0.3202,3.6314,0.4768,0.2532,0.0003,0.0029,0.0003,0.0041,0.0021,0.2044,0.0041,0.5003,VarianceParTree,zelnik5_y.zip
4,2,30,50,1000.0,inf,0.1,0.2602872848510742,0.3202,3.6314,0.4768,0.2532,0.0003,0.0029,0.0003,0.0041,0.0021,0.2044,0.0041,0.5003,VarianceParTree,zelnik5_y.zip
4,2,30,50,1000.0,inf,0.2,0.4022200107574463,0.3202,3.6314,0.4768,0.2532,0.0003,0.0029,0.0003,0.0041,0.0021,0.2044,0.0041,0.5003,VarianceParTree,zelnik5_y.zip
4,2,30,50,100.0,20.0,0.0,0.0636420249938964,0.3352,246.4044,1.0798,0.627,0.2839,0.4532,0.4447,0.4463,0.3281,0.6977,0.4463,0.5694,VarianceParTree,zelnik5_y.zip
4,2,30,50,100.0,20.0,0.1,0.0647239685058593,0.3352,246.4044,1.0798,0.627,0.2839,0.4532,0.4447,0.4463,0.3281,0.6977,0.4463,0.5694,VarianceParTree,zelnik5_y.zip
4,2,30,50,100.0,20.0,0.2,0.0647509098052978,0.3352,246.4044,1.0798,0.627,0.2839,0.4532,0.4447,0.4463,0.3281,0.6977,0.4463,0.5694,VarianceParTree,zelnik5_y.zip
4,2,30,50,inf,100.0,0.0,0.2662417888641357,0.3394,251.819,1.0811,0.6297,0.2861,0.4549,0.4453,0.4469,0.3293,0.6953,0.4469,0.5694,VarianceParTree,zelnik5_y.zip
4,2,30,50,inf,100.0,0.1,0.2652091979980469,0.3394,251.819,1.0811,0.6297,0.2861,0.4549,0.4453,0.4469,0.3293,0.6953,0.4469,0.5694,VarianceParTree,zelnik5_y.zip
4,2,30,50,inf,100.0,0.2,0.2635269165039062,0.3394,251.819,1.0811,0.6297,0.2861,0.4549,0.4453,0.4469,0.3293,0.6953,0.4469,0.5694,VarianceParTree,zelnik5_y.zip
4,2,30,50,inf,20.0,0.0,0.2692172527313232,0.3394,251.819,1.0811,0.6297,0.2861,0.4549,0.4453,0.4469,0.3293,0.6953,0.4469,0.5694,VarianceParTree,zelnik5_y.zip
4,2,30,50,inf,20.0,0.1,0.2786493301391601,0.3394,251.819,1.0811,0.6297,0.2861,0.4549,0.4453,0.4469,0.3293,0.6953,0.4469,0.5694,VarianceParTree,zelnik5_y.zip
4,2,30,50,inf,20.0,0.2,0.2570581436157226,0.3394,251.819,1.0811,0.6297,0.2861,0.4549,0.4453,0.4469,0.3293,0.6953,0.4469,0.5694,VarianceParTree,zelnik5_y.zip
4,2,30,50,inf,inf,0.0,0.2612578868865967,0.3202,3.6314,0.4768,0.2532,0.0003,0.0029,0.0003,0.0041,0.0021,0.2044,0.0041,0.5003,VarianceParTree,zelnik5_y.zip
4,2,30,50,inf,inf,0.1,0.4038355350494385,0.3202,3.6314,0.4768,0.2532,0.0003,0.0029,0.0003,0.0041,0.0021,0.2044,0.0041,0.5003,VarianceParTree,zelnik5_y.zip
4,2,30,50,inf,inf,0.2,0.2651710510253906,0.3202,3.6314,0.4768,0.2532,0.0003,0.0029,0.0003,0.0041,0.0021,0.2044,0.0041,0.5003,VarianceParTree,zelnik5_y.zip
4,2,30,5,1000.0,100.0,0.0,0.267855167388916,0.3394,251.819,1.0811,0.6297,0.2861,0.4549,0.4453,0.4469,0.3293,0.6953,0.4469,0.5694,VarianceParTree,zelnik5_y.zip
4,2,30,5,1000.0,100.0,0.1,0.2683310508728027,0.3394,251.819,1.0811,0.6297,0.2861,0.4549,0.4453,0.4469,0.3293,0.6953,0.4469,0.5694,VarianceParTree,zelnik5_y.zip
4,2,30,5,1000.0,100.0,0.2,0.2675776481628418,0.3394,251.819,1.0811,0.6297,0.2861,0.4549,0.4453,0.4469,0.3293,0.6953,0.4469,0.5694,VarianceParTree,zelnik5_y.zip
4,2,30,5,1000.0,20.0,0.0,0.2577927112579345,0.3394,251.819,1.0811,0.6297,0.2861,0.4549,0.4453,0.4469,0.3293,0.6953,0.4469,0.5694,VarianceParTree,zelnik5_y.zip
4,2,30,5,1000.0,20.0,0.1,0.2611238956451416,0.3394,251.819,1.0811,0.6297,0.2861,0.4549,0.4453,0.4469,0.3293,0.6953,0.4469,0.5694,VarianceParTree,zelnik5_y.zip
4,2,30,5,1000.0,20.0,0.2,0.2690122127532959,0.3394,251.819,1.0811,0.6297,0.2861,0.4549,0.4453,0.4469,0.3293,0.6953,0.4469,0.5694,VarianceParTree,zelnik5_y.zip
4,2,30,5,1000.0,inf,0.0,0.2690341472625732,0.3202,3.6314,0.4768,0.2532,0.0003,0.0029,0.0003,0.0041,0.0021,0.2044,0.0041,0.5003,VarianceParTree,zelnik5_y.zip
4,2,30,5,1000.0,inf,0.1,0.2574789524078369,0.3202,3.6314,0.4768,0.2532,0.0003,0.0029,0.0003,0.0041,0.0021,0.2044,0.0041,0.5003,VarianceParTree,zelnik5_y.zip
4,2,30,5,1000.0,inf,0.2,0.3952529430389404,0.3202,3.6314,0.4768,0.2532,0.0003,0.0029,0.0003,0.0041,0.0021,0.2044,0.0041,0.5003,VarianceParTree,zelnik5_y.zip
4,2,30,5,100.0,20.0,0.0,0.0629894733428955,0.3352,246.4044,1.0798,0.627,0.2839,0.4532,0.4447,0.4463,0.3281,0.6977,0.4463,0.5694,VarianceParTree,zelnik5_y.zip
4,2,30,5,100.0,20.0,0.1,0.0647082328796386,0.3352,246.4044,1.0798,0.627,0.2839,0.4532,0.4447,0.4463,0.3281,0.6977,0.4463,0.5694,VarianceParTree,zelnik5_y.zip
4,2,30,5,100.0,20.0,0.2,0.0635206699371337,0.3352,246.4044,1.0798,0.627,0.2839,0.4532,0.4447,0.4463,0.3281,0.6977,0.4463,0.5694,VarianceParTree,zelnik5_y.zip
4,2,30,5,inf,100.0,0.0,0.2709758281707763,0.3394,251.819,1.0811,0.6297,0.2861,0.4549,0.4453,0.4469,0.3293,0.6953,0.4469,0.5694,VarianceParTree,zelnik5_y.zip
4,2,30,5,inf,100.0,0.1,0.2709410190582275,0.3394,251.819,1.0811,0.6297,0.2861,0.4549,0.4453,0.4469,0.3293,0.6953,0.4469,0.5694,VarianceParTree,zelnik5_y.zip
4,2,30,5,inf,100.0,0.2,0.2734787464141845,0.3394,251.819,1.0811,0.6297,0.2861,0.4549,0.4453,0.4469,0.3293,0.6953,0.4469,0.5694,VarianceParTree,zelnik5_y.zip
4,2,30,5,inf,20.0,0.0,0.2675166130065918,0.3394,251.819,1.0811,0.6297,0.2861,0.4549,0.4453,0.4469,0.3293,0.6953,0.4469,0.5694,VarianceParTree,zelnik5_y.zip
4,2,30,5,inf,20.0,0.1,0.2681400775909424,0.3394,251.819,1.0811,0.6297,0.2861,0.4549,0.4453,0.4469,0.3293,0.6953,0.4469,0.5694,VarianceParTree,zelnik5_y.zip
4,2,30,5,inf,20.0,0.2,0.2816708087921142,0.3394,251.819,1.0811,0.6297,0.2861,0.4549,0.4453,0.4469,0.3293,0.6953,0.4469,0.5694,VarianceParTree,zelnik5_y.zip
4,2,30,5,inf,inf,0.0,0.2617297172546386,0.3202,3.6314,0.4768,0.2532,0.0003,0.0029,0.0003,0.0041,0.0021,0.2044,0.0041,0.5003,VarianceParTree,zelnik5_y.zip
4,2,30,5,inf,inf,0.1,0.3887555599212646,0.3202,3.6314,0.4768,0.2532,0.0003,0.0029,0.0003,0.0041,0.0021,0.2044,0.0041,0.5003,VarianceParTree,zelnik5_y.zip
4,2,30,5,inf,inf,0.2,0.2591531276702881,0.3202,3.6314,0.4768,0.2532,0.0003,0.0029,0.0003,0.0041,0.0021,0.2044,0.0041,0.5003,VarianceParTree,zelnik5_y.zip
4,2,3,50,1000.0,100.0,0.0,0.2695274353027344,0.3394,251.819,1.0811,0.6297,0.2861,0.4549,0.4453,0.4469,0.3293,0.6953,0.4469,0.5694,VarianceParTree,zelnik5_y.zip
4,2,3,50,1000.0,100.0,0.1,0.2631261348724365,0.3394,251.819,1.0811,0.6297,0.2861,0.4549,0.4453,0.4469,0.3293,0.6953,0.4469,0.5694,VarianceParTree,zelnik5_y.zip
4,2,3,50,1000.0,100.0,0.2,0.2545123100280761,0.3394,251.819,1.0811,0.6297,0.2861,0.4549,0.4453,0.4469,0.3293,0.6953,0.4469,0.5694,VarianceParTree,zelnik5_y.zip
4,2,3,50,1000.0,20.0,0.0,0.2800107002258301,0.3394,251.819,1.0811,0.6297,0.2861,0.4549,0.4453,0.4469,0.3293,0.6953,0.4469,0.5694,VarianceParTree,zelnik5_y.zip
4,2,3,50,1000.0,20.0,0.1,0.2613625526428222,0.3394,251.819,1.0811,0.6297,0.2861,0.4549,0.4453,0.4469,0.3293,0.6953,0.4469,0.5694,VarianceParTree,zelnik5_y.zip
4,2,3,50,1000.0,20.0,0.2,0.2625911235809326,0.3394,251.819,1.0811,0.6297,0.2861,0.4549,0.4453,0.4469,0.3293,0.6953,0.4469,0.5694,VarianceParTree,zelnik5_y.zip
4,2,3,50,1000.0,inf,0.0,0.399580717086792,0.3202,3.6314,0.4768,0.2532,0.0003,0.0029,0.0003,0.0041,0.0021,0.2044,0.0041,0.5003,VarianceParTree,zelnik5_y.zip
4,2,3,50,1000.0,inf,0.1,0.2694690227508545,0.3202,3.6314,0.4768,0.2532,0.0003,0.0029,0.0003,0.0041,0.0021,0.2044,0.0041,0.5003,VarianceParTree,zelnik5_y.zip
4,2,3,50,1000.0,inf,0.2,0.2737231254577636,0.3202,3.6314,0.4768,0.2532,0.0003,0.0029,0.0003,0.0041,0.0021,0.2044,0.0041,0.5003,VarianceParTree,zelnik5_y.zip
4,2,3,50,100.0,20.0,0.0,0.06313157081604,0.3352,246.4044,1.0798,0.627,0.2839,0.4532,0.4447,0.4463,0.3281,0.6977,0.4463,0.5694,VarianceParTree,zelnik5_y.zip
4,2,3,50,100.0,20.0,0.1,0.0637776851654052,0.3352,246.4044,1.0798,0.627,0.2839,0.4532,0.4447,0.4463,0.3281,0.6977,0.4463,0.5694,VarianceParTree,zelnik5_y.zip
4,2,3,50,100.0,20.0,0.2,0.0626337528228759,0.3352,246.4044,1.0798,0.627,0.2839,0.4532,0.4447,0.4463,0.3281,0.6977,0.4463,0.5694,VarianceParTree,zelnik5_y.zip
4,2,3,50,inf,100.0,0.0,0.2772061824798584,0.3394,251.819,1.0811,0.6297,0.2861,0.4549,0.4453,0.4469,0.3293,0.6953,0.4469,0.5694,VarianceParTree,zelnik5_y.zip
4,2,3,50,inf,100.0,0.1,0.2678132057189941,0.3394,251.819,1.0811,0.6297,0.2861,0.4549,0.4453,0.4469,0.3293,0.6953,0.4469,0.5694,VarianceParTree,zelnik5_y.zip
4,2,3,50,inf,100.0,0.2,0.2680201530456543,0.3394,251.819,1.0811,0.6297,0.2861,0.4549,0.4453,0.4469,0.3293,0.6953,0.4469,0.5694,VarianceParTree,zelnik5_y.zip
4,2,3,50,inf,20.0,0.0,0.27913498878479,0.3394,251.819,1.0811,0.6297,0.2861,0.4549,0.4453,0.4469,0.3293,0.6953,0.4469,0.5694,VarianceParTree,zelnik5_y.zip
4,2,3,50,inf,20.0,0.1,0.2897188663482666,0.3394,251.819,1.0811,0.6297,0.2861,0.4549,0.4453,0.4469,0.3293,0.6953,0.4469,0.5694,VarianceParTree,zelnik5_y.zip
4,2,3,50,inf,20.0,0.2,0.2625637054443359,0.3394,251.819,1.0811,0.6297,0.2861,0.4549,0.4453,0.4469,0.3293,0.6953,0.4469,0.5694,VarianceParTree,zelnik5_y.zip
4,2,3,50,inf,inf,0.0,0.2693541049957275,0.3202,3.6314,0.4768,0.2532,0.0003,0.0029,0.0003,0.0041,0.0021,0.2044,0.0041,0.5003,VarianceParTree,zelnik5_y.zip
4,2,3,50,inf,inf,0.1,0.2532613277435303,0.3202,3.6314,0.4768,0.2532,0.0003,0.0029,0.0003,0.0041,0.0021,0.2044,0.0041,0.5003,VarianceParTree,zelnik5_y.zip
4,2,3,50,inf,inf,0.2,0.2720756530761719,0.3202,3.6314,0.4768,0.2532,0.0003,0.0029,0.0003,0.0041,0.0021,0.2044,0.0041,0.5003,VarianceParTree,zelnik5_y.zip
4,2,3,5,1000.0,100.0,0.0,0.2736325263977051,0.3394,251.819,1.0811,0.6297,0.2861,0.4549,0.4453,0.4469,0.3293,0.6953,0.4469,0.5694,VarianceParTree,zelnik5_y.zip
4,2,3,5,1000.0,100.0,0.1,0.2614247798919678,0.3394,251.819,1.0811,0.6297,0.2861,0.4549,0.4453,0.4469,0.3293,0.6953,0.4469,0.5694,VarianceParTree,zelnik5_y.zip
4,2,3,5,1000.0,100.0,0.2,0.2672953605651855,0.3394,251.819,1.0811,0.6297,0.2861,0.4549,0.4453,0.4469,0.3293,0.6953,0.4469,0.5694,VarianceParTree,zelnik5_y.zip
4,2,3,5,1000.0,20.0,0.0,0.3241012096405029,0.3394,251.819,1.0811,0.6297,0.2861,0.4549,0.4453,0.4469,0.3293,0.6953,0.4469,0.5694,VarianceParTree,zelnik5_y.zip
4,2,3,5,1000.0,20.0,0.1,0.2829875946044922,0.3394,251.819,1.0811,0.6297,0.2861,0.4549,0.4453,0.4469,0.3293,0.6953,0.4469,0.5694,VarianceParTree,zelnik5_y.zip
4,2,3,5,1000.0,20.0,0.2,0.2708508968353271,0.3394,251.819,1.0811,0.6297,0.2861,0.4549,0.4453,0.4469,0.3293,0.6953,0.4469,0.5694,VarianceParTree,zelnik5_y.zip
4,2,3,5,1000.0,inf,0.0,0.2768967151641845,0.3202,3.6314,0.4768,0.2532,0.0003,0.0029,0.0003,0.0041,0.0021,0.2044,0.0041,0.5003,VarianceParTree,zelnik5_y.zip
4,2,3,5,1000.0,inf,0.1,0.256488561630249,0.3202,3.6314,0.4768,0.2532,0.0003,0.0029,0.0003,0.0041,0.0021,0.2044,0.0041,0.5003,VarianceParTree,zelnik5_y.zip
4,2,3,5,1000.0,inf,0.2,0.4057538509368896,0.3202,3.6314,0.4768,0.2532,0.0003,0.0029,0.0003,0.0041,0.0021,0.2044,0.0041,0.5003,VarianceParTree,zelnik5_y.zip
4,2,3,5,100.0,20.0,0.0,0.0607132911682128,0.3352,246.4044,1.0798,0.627,0.2839,0.4532,0.4447,0.4463,0.3281,0.6977,0.4463,0.5694,VarianceParTree,zelnik5_y.zip
4,2,3,5,100.0,20.0,0.1,0.0607459545135498,0.3352,246.4044,1.0798,0.627,0.2839,0.4532,0.4447,0.4463,0.3281,0.6977,0.4463,0.5694,VarianceParTree,zelnik5_y.zip
4,2,3,5,100.0,20.0,0.2,0.0596551895141601,0.3352,246.4044,1.0798,0.627,0.2839,0.4532,0.4447,0.4463,0.3281,0.6977,0.4463,0.5694,VarianceParTree,zelnik5_y.zip
4,2,3,5,inf,100.0,0.0,0.2664518356323242,0.3394,251.819,1.0811,0.6297,0.2861,0.4549,0.4453,0.4469,0.3293,0.6953,0.4469,0.5694,VarianceParTree,zelnik5_y.zip
4,2,3,5,inf,100.0,0.1,0.2627656459808349,0.3394,251.819,1.0811,0.6297,0.2861,0.4549,0.4453,0.4469,0.3293,0.6953,0.4469,0.5694,VarianceParTree,zelnik5_y.zip
4,2,3,5,inf,100.0,0.2,0.2740192413330078,0.3394,251.819,1.0811,0.6297,0.2861,0.4549,0.4453,0.4469,0.3293,0.6953,0.4469,0.5694,VarianceParTree,zelnik5_y.zip
4,2,3,5,inf,20.0,0.0,0.2701702117919922,0.3394,251.819,1.0811,0.6297,0.2861,0.4549,0.4453,0.4469,0.3293,0.6953,0.4469,0.5694,VarianceParTree,zelnik5_y.zip
4,2,3,5,inf,20.0,0.1,0.2686209678649902,0.3394,251.819,1.0811,0.6297,0.2861,0.4549,0.4453,0.4469,0.3293,0.6953,0.4469,0.5694,VarianceParTree,zelnik5_y.zip
4,2,3,5,inf,20.0,0.2,0.2708489894866943,0.3394,251.819,1.0811,0.6297,0.2861,0.4549,0.4453,0.4469,0.3293,0.6953,0.4469,0.5694,VarianceParTree,zelnik5_y.zip
4,2,3,5,inf,inf,0.0,0.252091646194458,0.3202,3.6314,0.4768,0.2532,0.0003,0.0029,0.0003,0.0041,0.0021,0.2044,0.0041,0.5003,VarianceParTree,zelnik5_y.zip
4,2,3,5,inf,inf,0.1,0.2675752639770508,0.3202,3.6314,0.4768,0.2532,0.0003,0.0029,0.0003,0.0041,0.0021,0.2044,0.0041,0.5003,VarianceParTree,zelnik5_y.zip
4,2,3,5,inf,inf,0.2,0.3906676769256592,0.3202,3.6314,0.4768,0.2532,0.0003,0.0029,0.0003,0.0041,0.0021,0.2044,0.0041,0.5003,VarianceParTree,zelnik5_y.zip
4,4,30,50,1000.0,100.0,0.0,0.6957526206970215,0.3004,289.7329,1.085,0.7429,0.329,0.5553,0.4019,0.4058,0.402,0.4097,0.4058,0.5023,VarianceParTree,zelnik5_y.zip
4,4,30,50,1000.0,100.0,0.1,0.7944974899291992,0.3004,289.7329,1.085,0.7429,0.329,0.5553,0.4019,0.4058,0.402,0.4097,0.4058,0.5023,VarianceParTree,zelnik5_y.zip
4,4,30,50,1000.0,100.0,0.2,0.686389684677124,0.3004,289.7329,1.085,0.7429,0.329,0.5553,0.4019,0.4058,0.402,0.4097,0.4058,0.5023,VarianceParTree,zelnik5_y.zip
4,4,30,50,1000.0,20.0,0.0,0.7196605205535889,0.3004,289.7329,1.085,0.7429,0.329,0.5553,0.4019,0.4058,0.402,0.4097,0.4058,0.5023,VarianceParTree,zelnik5_y.zip
4,4,30,50,1000.0,20.0,0.1,0.8310620784759521,0.3004,289.7329,1.085,0.7429,0.329,0.5553,0.4019,0.4058,0.402,0.4097,0.4058,0.5023,VarianceParTree,zelnik5_y.zip
4,4,30,50,1000.0,20.0,0.2,0.7063064575195312,0.3004,289.7329,1.085,0.7429,0.329,0.5553,0.4019,0.4058,0.402,0.4097,0.4058,0.5023,VarianceParTree,zelnik5_y.zip
4,4,30,50,1000.0,inf,0.0,0.9302456378936768,0.3107,3.5768,0.4808,0.2575,0.0008,0.0087,0.0008,0.0122,0.0063,0.2054,0.0122,0.4987,VarianceParTree,zelnik5_y.zip
4,4,30,50,1000.0,inf,0.1,0.7960150241851807,0.3107,3.5768,0.4808,0.2575,0.0008,0.0087,0.0008,0.0122,0.0063,0.2054,0.0122,0.4987,VarianceParTree,zelnik5_y.zip
4,4,30,50,1000.0,inf,0.2,0.7703137397766113,0.3107,3.5768,0.4808,0.2575,0.0008,0.0087,0.0008,0.0122,0.0063,0.2054,0.0122,0.4987,VarianceParTree,zelnik5_y.zip
4,4,30,50,100.0,20.0,0.0,0.1727993488311767,0.2306,270.7353,1.3757,0.7675,0.4236,0.7183,0.5431,0.5462,0.52,0.5751,0.5462,0.5854,VarianceParTree,zelnik5_y.zip
4,4,30,50,100.0,20.0,0.1,0.167011022567749,0.2306,270.7353,1.3757,0.7675,0.4236,0.7183,0.5431,0.5462,0.52,0.5751,0.5462,0.5854,VarianceParTree,zelnik5_y.zip
4,4,30,50,100.0,20.0,0.2,0.1887998580932617,0.2306,270.7353,1.3757,0.7675,0.4236,0.7183,0.5431,0.5462,0.52,0.5751,0.5462,0.5854,VarianceParTree,zelnik5_y.zip
4,4,30,50,inf,100.0,0.0,0.8495826721191406,0.3004,289.7329,1.085,0.7429,0.329,0.5553,0.4019,0.4058,0.402,0.4097,0.4058,0.5023,VarianceParTree,zelnik5_y.zip
4,4,30,50,inf,100.0,0.1,0.6699259281158447,0.3004,289.7329,1.085,0.7429,0.329,0.5553,0.4019,0.4058,0.402,0.4097,0.4058,0.5023,VarianceParTree,zelnik5_y.zip
4,4,30,50,inf,100.0,0.2,0.6974411010742188,0.3004,289.7329,1.085,0.7429,0.329,0.5553,0.4019,0.4058,0.402,0.4097,0.4058,0.5023,VarianceParTree,zelnik5_y.zip
4,4,30,50,inf,20.0,0.0,0.8137133121490479,0.3004,289.7329,1.085,0.7429,0.329,0.5553,0.4019,0.4058,0.402,0.4097,0.4058,0.5023,VarianceParTree,zelnik5_y.zip
4,4,30,50,inf,20.0,0.1,0.6998605728149414,0.3004,289.7329,1.085,0.7429,0.329,0.5553,0.4019,0.4058,0.402,0.4097,0.4058,0.5023,VarianceParTree,zelnik5_y.zip
4,4,30,50,inf,20.0,0.2,0.6995759010314941,0.3004,289.7329,1.085,0.7429,0.329,0.5553,0.4019,0.4058,0.402,0.4097,0.4058,0.5023,VarianceParTree,zelnik5_y.zip
4,4,30,50,inf,inf,0.0,0.7958111763000488,0.3107,3.5768,0.4808,0.2575,0.0008,0.0087,0.0008,0.0122,0.0063,0.2054,0.0122,0.4987,VarianceParTree,zelnik5_y.zip
4,4,30,50,inf,inf,0.1,0.7713286876678467,0.3107,3.5768,0.4808,0.2575,0.0008,0.0087,0.0008,0.0122,0.0063,0.2054,0.0122,0.4987,VarianceParTree,zelnik5_y.zip
4,4,30,50,inf,inf,0.2,0.7777864933013916,0.3107,3.5768,0.4808,0.2575,0.0008,0.0087,0.0008,0.0122,0.0063,0.2054,0.0122,0.4987,VarianceParTree,zelnik5_y.zip
4,4,30,5,1000.0,100.0,0.0,0.6940960884094238,0.3004,289.7329,1.085,0.7429,0.329,0.5553,0.4019,0.4058,0.402,0.4097,0.4058,0.5023,VarianceParTree,zelnik5_y.zip
4,4,30,5,1000.0,100.0,0.1,0.6953825950622559,0.3004,289.7329,1.085,0.7429,0.329,0.5553,0.4019,0.4058,0.402,0.4097,0.4058,0.5023,VarianceParTree,zelnik5_y.zip
4,4,30,5,1000.0,100.0,0.2,0.7058770656585693,0.3004,289.7329,1.085,0.7429,0.329,0.5553,0.4019,0.4058,0.402,0.4097,0.4058,0.5023,VarianceParTree,zelnik5_y.zip
4,4,30,5,1000.0,20.0,0.0,0.6926090717315674,0.3004,289.7329,1.085,0.7429,0.329,0.5553,0.4019,0.4058,0.402,0.4097,0.4058,0.5023,VarianceParTree,zelnik5_y.zip
4,4,30,5,1000.0,20.0,0.1,0.7218003273010254,0.3004,289.7329,1.085,0.7429,0.329,0.5553,0.4019,0.4058,0.402,0.4097,0.4058,0.5023,VarianceParTree,zelnik5_y.zip
4,4,30,5,1000.0,20.0,0.2,0.8287975788116455,0.3004,289.7329,1.085,0.7429,0.329,0.5553,0.4019,0.4058,0.402,0.4097,0.4058,0.5023,VarianceParTree,zelnik5_y.zip
4,4,30,5,1000.0,inf,0.0,0.7743806838989258,0.3107,3.5768,0.4808,0.2575,0.0008,0.0087,0.0008,0.0122,0.0063,0.2054,0.0122,0.4987,VarianceParTree,zelnik5_y.zip
4,4,30,5,1000.0,inf,0.1,0.787757158279419,0.3107,3.5768,0.4808,0.2575,0.0008,0.0087,0.0008,0.0122,0.0063,0.2054,0.0122,0.4987,VarianceParTree,zelnik5_y.zip
4,4,30,5,1000.0,inf,0.2,0.8814377784729004,0.3107,3.5768,0.4808,0.2575,0.0008,0.0087,0.0008,0.0122,0.0063,0.2054,0.0122,0.4987,VarianceParTree,zelnik5_y.zip
4,4,30,5,100.0,20.0,0.0,0.286783218383789,0.2306,270.7353,1.3757,0.7675,0.4236,0.7183,0.5431,0.5462,0.52,0.5751,0.5462,0.5854,VarianceParTree,zelnik5_y.zip
4,4,30,5,100.0,20.0,0.1,0.1769087314605713,0.2306,270.7353,1.3757,0.7675,0.4236,0.7183,0.5431,0.5462,0.52,0.5751,0.5462,0.5854,VarianceParTree,zelnik5_y.zip
4,4,30,5,100.0,20.0,0.2,0.177262544631958,0.2306,270.7353,1.3757,0.7675,0.4236,0.7183,0.5431,0.5462,0.52,0.5751,0.5462,0.5854,VarianceParTree,zelnik5_y.zip
4,4,30,5,inf,100.0,0.0,0.694448709487915,0.3004,289.7329,1.085,0.7429,0.329,0.5553,0.4019,0.4058,0.402,0.4097,0.4058,0.5023,VarianceParTree,zelnik5_y.zip
4,4,30,5,inf,100.0,0.1,0.8322153091430664,0.3004,289.7329,1.085,0.7429,0.329,0.5553,0.4019,0.4058,0.402,0.4097,0.4058,0.5023,VarianceParTree,zelnik5_y.zip
4,4,30,5,inf,100.0,0.2,0.6849367618560791,0.3004,289.7329,1.085,0.7429,0.329,0.5553,0.4019,0.4058,0.402,0.4097,0.4058,0.5023,VarianceParTree,zelnik5_y.zip
4,4,30,5,inf,20.0,0.0,0.7212889194488525,0.3004,289.7329,1.085,0.7429,0.329,0.5553,0.4019,0.4058,0.402,0.4097,0.4058,0.5023,VarianceParTree,zelnik5_y.zip
4,4,30,5,inf,20.0,0.1,0.843026876449585,0.3004,289.7329,1.085,0.7429,0.329,0.5553,0.4019,0.4058,0.402,0.4097,0.4058,0.5023,VarianceParTree,zelnik5_y.zip
4,4,30,5,inf,20.0,0.2,0.7044439315795898,0.3004,289.7329,1.085,0.7429,0.329,0.5553,0.4019,0.4058,0.402,0.4097,0.4058,0.5023,VarianceParTree,zelnik5_y.zip
4,4,30,5,inf,inf,0.0,0.8032362461090088,0.3107,3.5768,0.4808,0.2575,0.0008,0.0087,0.0008,0.0122,0.0063,0.2054,0.0122,0.4987,VarianceParTree,zelnik5_y.zip
4,4,30,5,inf,inf,0.1,0.9529428482055664,0.3107,3.5768,0.4808,0.2575,0.0008,0.0087,0.0008,0.0122,0.0063,0.2054,0.0122,0.4987,VarianceParTree,zelnik5_y.zip
4,4,30,5,inf,inf,0.2,0.7989890575408936,0.3107,3.5768,0.4808,0.2575,0.0008,0.0087,0.0008,0.0122,0.0063,0.2054,0.0122,0.4987,VarianceParTree,zelnik5_y.zip
4,4,3,50,1000.0,100.0,0.0,0.7057287693023682,0.3004,289.7329,1.085,0.7429,0.329,0.5553,0.4019,0.4058,0.402,0.4097,0.4058,0.5023,VarianceParTree,zelnik5_y.zip
4,4,3,50,1000.0,100.0,0.1,0.8508532047271729,0.3004,289.7329,1.085,0.7429,0.329,0.5553,0.4019,0.4058,0.402,0.4097,0.4058,0.5023,VarianceParTree,zelnik5_y.zip
4,4,3,50,1000.0,100.0,0.2,0.7069671154022217,0.3004,289.7329,1.085,0.7429,0.329,0.5553,0.4019,0.4058,0.402,0.4097,0.4058,0.5023,VarianceParTree,zelnik5_y.zip
4,4,3,50,1000.0,20.0,0.0,0.8514432907104492,0.3004,289.7329,1.085,0.7429,0.329,0.5553,0.4019,0.4058,0.402,0.4097,0.4058,0.5023,VarianceParTree,zelnik5_y.zip
4,4,3,50,1000.0,20.0,0.1,0.7139987945556641,0.3004,289.7329,1.085,0.7429,0.329,0.5553,0.4019,0.4058,0.402,0.4097,0.4058,0.5023,VarianceParTree,zelnik5_y.zip
4,4,3,50,1000.0,20.0,0.2,0.6719763278961182,0.3004,289.7329,1.085,0.7429,0.329,0.5553,0.4019,0.4058,0.402,0.4097,0.4058,0.5023,VarianceParTree,zelnik5_y.zip
4,4,3,50,1000.0,inf,0.0,0.9127969741821288,0.3107,3.5768,0.4808,0.2575,0.0008,0.0087,0.0008,0.0122,0.0063,0.2054,0.0122,0.4987,VarianceParTree,zelnik5_y.zip
4,4,3,50,1000.0,inf,0.1,0.794994592666626,0.3107,3.5768,0.4808,0.2575,0.0008,0.0087,0.0008,0.0122,0.0063,0.2054,0.0122,0.4987,VarianceParTree,zelnik5_y.zip
4,4,3,50,1000.0,inf,0.2,0.7670028209686279,0.3107,3.5768,0.4808,0.2575,0.0008,0.0087,0.0008,0.0122,0.0063,0.2054,0.0122,0.4987,VarianceParTree,zelnik5_y.zip
4,4,3,50,100.0,20.0,0.0,0.175520658493042,0.2306,270.7353,1.3757,0.7675,0.4236,0.7183,0.5431,0.5462,0.52,0.5751,0.5462,0.5854,VarianceParTree,zelnik5_y.zip
4,4,3,50,100.0,20.0,0.1,0.1802654266357422,0.2306,270.7353,1.3757,0.7675,0.4236,0.7183,0.5431,0.5462,0.52,0.5751,0.5462,0.5854,VarianceParTree,zelnik5_y.zip
4,4,3,50,100.0,20.0,0.2,0.1745438575744629,0.2306,270.7353,1.3757,0.7675,0.4236,0.7183,0.5431,0.5462,0.52,0.5751,0.5462,0.5854,VarianceParTree,zelnik5_y.zip
4,4,3,50,inf,100.0,0.0,0.7226970195770264,0.3004,289.7329,1.085,0.7429,0.329,0.5553,0.4019,0.4058,0.402,0.4097,0.4058,0.5023,VarianceParTree,zelnik5_y.zip
4,4,3,50,inf,100.0,0.1,0.6918315887451172,0.3004,289.7329,1.085,0.7429,0.329,0.5553,0.4019,0.4058,0.402,0.4097,0.4058,0.5023,VarianceParTree,zelnik5_y.zip
4,4,3,50,inf,100.0,0.2,0.705725908279419,0.3004,289.7329,1.085,0.7429,0.329,0.5553,0.4019,0.4058,0.402,0.4097,0.4058,0.5023,VarianceParTree,zelnik5_y.zip
4,4,3,50,inf,20.0,0.0,0.708763837814331,0.3004,289.7329,1.085,0.7429,0.329,0.5553,0.4019,0.4058,0.402,0.4097,0.4058,0.5023,VarianceParTree,zelnik5_y.zip
4,4,3,50,inf,20.0,0.1,0.6898870468139648,0.3004,289.7329,1.085,0.7429,0.329,0.5553,0.4019,0.4058,0.402,0.4097,0.4058,0.5023,VarianceParTree,zelnik5_y.zip
4,4,3,50,inf,20.0,0.2,0.8159892559051514,0.3004,289.7329,1.085,0.7429,0.329,0.5553,0.4019,0.4058,0.402,0.4097,0.4058,0.5023,VarianceParTree,zelnik5_y.zip
4,4,3,50,inf,inf,0.0,0.7884001731872559,0.3107,3.5768,0.4808,0.2575,0.0008,0.0087,0.0008,0.0122,0.0063,0.2054,0.0122,0.4987,VarianceParTree,zelnik5_y.zip
4,4,3,50,inf,inf,0.1,0.7664585113525391,0.3107,3.5768,0.4808,0.2575,0.0008,0.0087,0.0008,0.0122,0.0063,0.2054,0.0122,0.4987,VarianceParTree,zelnik5_y.zip
4,4,3,50,inf,inf,0.2,0.9135324954986572,0.3107,3.5768,0.4808,0.2575,0.0008,0.0087,0.0008,0.0122,0.0063,0.2054,0.0122,0.4987,VarianceParTree,zelnik5_y.zip
4,4,3,5,1000.0,100.0,0.0,0.7953994274139404,0.3004,289.7329,1.085,0.7429,0.329,0.5553,0.4019,0.4058,0.402,0.4097,0.4058,0.5023,VarianceParTree,zelnik5_y.zip
4,4,3,5,1000.0,100.0,0.1,0.7041919231414795,0.3004,289.7329,1.085,0.7429,0.329,0.5553,0.4019,0.4058,0.402,0.4097,0.4058,0.5023,VarianceParTree,zelnik5_y.zip
4,4,3,5,1000.0,100.0,0.2,0.7608616352081299,0.3004,289.7329,1.085,0.7429,0.329,0.5553,0.4019,0.4058,0.402,0.4097,0.4058,0.5023,VarianceParTree,zelnik5_y.zip
4,4,3,5,1000.0,20.0,0.0,0.7076306343078613,0.3004,289.7329,1.085,0.7429,0.329,0.5553,0.4019,0.4058,0.402,0.4097,0.4058,0.5023,VarianceParTree,zelnik5_y.zip
4,4,3,5,1000.0,20.0,0.1,0.76759934425354,0.3004,289.7329,1.085,0.7429,0.329,0.5553,0.4019,0.4058,0.402,0.4097,0.4058,0.5023,VarianceParTree,zelnik5_y.zip
4,4,3,5,1000.0,20.0,0.2,0.6852395534515381,0.3004,289.7329,1.085,0.7429,0.329,0.5553,0.4019,0.4058,0.402,0.4097,0.4058,0.5023,VarianceParTree,zelnik5_y.zip
4,4,3,5,1000.0,inf,0.0,0.7899918556213379,0.3107,3.5768,0.4808,0.2575,0.0008,0.0087,0.0008,0.0122,0.0063,0.2054,0.0122,0.4987,VarianceParTree,zelnik5_y.zip
4,4,3,5,1000.0,inf,0.1,0.8086826801300049,0.3107,3.5768,0.4808,0.2575,0.0008,0.0087,0.0008,0.0122,0.0063,0.2054,0.0122,0.4987,VarianceParTree,zelnik5_y.zip
4,4,3,5,1000.0,inf,0.2,0.92228364944458,0.3107,3.5768,0.4808,0.2575,0.0008,0.0087,0.0008,0.0122,0.0063,0.2054,0.0122,0.4987,VarianceParTree,zelnik5_y.zip
4,4,3,5,100.0,20.0,0.0,0.1892101764678955,0.2306,270.7353,1.3757,0.7675,0.4236,0.7183,0.5431,0.5462,0.52,0.5751,0.5462,0.5854,VarianceParTree,zelnik5_y.zip
4,4,3,5,100.0,20.0,0.1,0.1696443557739257,0.2306,270.7353,1.3757,0.7675,0.4236,0.7183,0.5431,0.5462,0.52,0.5751,0.5462,0.5854,VarianceParTree,zelnik5_y.zip
4,4,3,5,100.0,20.0,0.2,0.167926549911499,0.2306,270.7353,1.3757,0.7675,0.4236,0.7183,0.5431,0.5462,0.52,0.5751,0.5462,0.5854,VarianceParTree,zelnik5_y.zip
4,4,3,5,inf,100.0,0.0,0.6808161735534668,0.3004,289.7329,1.085,0.7429,0.329,0.5553,0.4019,0.4058,0.402,0.4097,0.4058,0.5023,VarianceParTree,zelnik5_y.zip
4,4,3,5,inf,100.0,0.1,0.7015290260314941,0.3004,289.7329,1.085,0.7429,0.329,0.5553,0.4019,0.4058,0.402,0.4097,0.4058,0.5023,VarianceParTree,zelnik5_y.zip
4,4,3,5,inf,100.0,0.2,0.8223130702972412,0.3004,289.7329,1.085,0.7429,0.329,0.5553,0.4019,0.4058,0.402,0.4097,0.4058,0.5023,VarianceParTree,zelnik5_y.zip
4,4,3,5,inf,20.0,0.0,0.6880409717559814,0.3004,289.7329,1.085,0.7429,0.329,0.5553,0.4019,0.4058,0.402,0.4097,0.4058,0.5023,VarianceParTree,zelnik5_y.zip
4,4,3,5,inf,20.0,0.1,0.8331849575042725,0.3004,289.7329,1.085,0.7429,0.329,0.5553,0.4019,0.4058,0.402,0.4097,0.4058,0.5023,VarianceParTree,zelnik5_y.zip
4,4,3,5,inf,20.0,0.2,0.7069816589355469,0.3004,289.7329,1.085,0.7429,0.329,0.5553,0.4019,0.4058,0.402,0.4097,0.4058,0.5023,VarianceParTree,zelnik5_y.zip
4,4,3,5,inf,inf,0.0,0.7961235046386719,0.3107,3.5768,0.4808,0.2575,0.0008,0.0087,0.0008,0.0122,0.0063,0.2054,0.0122,0.4987,VarianceParTree,zelnik5_y.zip
4,4,3,5,inf,inf,0.1,0.9018642902374268,0.3107,3.5768,0.4808,0.2575,0.0008,0.0087,0.0008,0.0122,0.0063,0.2054,0.0122,0.4987,VarianceParTree,zelnik5_y.zip
4,4,3,5,inf,inf,0.2,0.7699763774871826,0.3107,3.5768,0.4808,0.2575,0.0008,0.0087,0.0008,0.0122,0.0063,0.2054,0.0122,0.4987,VarianceParTree,zelnik5_y.zip
4,6,30,50,1000.0,100.0,0.0,1.0505602359771729,0.1897,245.5155,1.2806,0.7441,0.2642,0.6039,0.3903,0.3964,0.4372,0.3626,0.3964,0.4289,VarianceParTree,zelnik5_y.zip
4,6,30,50,1000.0,100.0,0.1,1.2019457817077637,0.1897,245.5155,1.2806,0.7441,0.2642,0.6039,0.3903,0.3964,0.4372,0.3626,0.3964,0.4289,VarianceParTree,zelnik5_y.zip
4,6,30,50,1000.0,100.0,0.2,1.0810527801513672,0.1897,245.5155,1.2806,0.7441,0.2642,0.6039,0.3903,0.3964,0.4372,0.3626,0.3964,0.4289,VarianceParTree,zelnik5_y.zip
4,6,30,50,1000.0,20.0,0.0,1.2103755474090576,0.1897,245.5155,1.2806,0.7441,0.2642,0.6039,0.3903,0.3964,0.4372,0.3626,0.3964,0.4289,VarianceParTree,zelnik5_y.zip
4,6,30,50,1000.0,20.0,0.1,1.0489931106567385,0.1897,245.5155,1.2806,0.7441,0.2642,0.6039,0.3903,0.3964,0.4372,0.3626,0.3964,0.4289,VarianceParTree,zelnik5_y.zip
4,6,30,50,1000.0,20.0,0.2,1.1965901851654053,0.1897,245.5155,1.2806,0.7441,0.2642,0.6039,0.3903,0.3964,0.4372,0.3626,0.3964,0.4289,VarianceParTree,zelnik5_y.zip
4,6,30,50,1000.0,inf,0.0,1.1804001331329346,0.3105,3.6064,0.4784,0.2597,0.0011,0.0116,0.0012,0.0162,0.0084,0.2059,0.0162,0.498,VarianceParTree,zelnik5_y.zip
4,6,30,50,1000.0,inf,0.1,1.0814878940582275,0.3105,3.6064,0.4784,0.2597,0.0011,0.0116,0.0012,0.0162,0.0084,0.2059,0.0162,0.498,VarianceParTree,zelnik5_y.zip
4,6,30,50,1000.0,inf,0.2,1.0188589096069336,0.3105,3.6064,0.4784,0.2597,0.0011,0.0116,0.0012,0.0162,0.0084,0.2059,0.0162,0.498,VarianceParTree,zelnik5_y.zip
4,6,30,50,100.0,20.0,0.0,0.2453148365020752,0.1873,239.6841,1.4755,0.7749,0.383,0.7566,0.5071,0.5122,0.5477,0.481,0.5122,0.5311,VarianceParTree,zelnik5_y.zip
4,6,30,50,100.0,20.0,0.1,0.2530989646911621,0.1873,239.6841,1.4755,0.7749,0.383,0.7566,0.5071,0.5122,0.5477,0.481,0.5122,0.5311,VarianceParTree,zelnik5_y.zip
4,6,30,50,100.0,20.0,0.2,0.2563259601593017,0.1873,239.6841,1.4755,0.7749,0.383,0.7566,0.5071,0.5122,0.5477,0.481,0.5122,0.5311,VarianceParTree,zelnik5_y.zip
4,6,30,50,inf,100.0,0.0,1.056408405303955,0.1897,245.5155,1.2806,0.7441,0.2642,0.6039,0.3903,0.3964,0.4372,0.3626,0.3964,0.4289,VarianceParTree,zelnik5_y.zip
4,6,30,50,inf,100.0,0.1,1.2053446769714355,0.1897,245.5155,1.2806,0.7441,0.2642,0.6039,0.3903,0.3964,0.4372,0.3626,0.3964,0.4289,VarianceParTree,zelnik5_y.zip
4,6,30,50,inf,100.0,0.2,1.100603103637695,0.1897,245.5155,1.2806,0.7441,0.2642,0.6039,0.3903,0.3964,0.4372,0.3626,0.3964,0.4289,VarianceParTree,zelnik5_y.zip
4,6,30,50,inf,20.0,0.0,1.199094533920288,0.1897,245.5155,1.2806,0.7441,0.2642,0.6039,0.3903,0.3964,0.4372,0.3626,0.3964,0.4289,VarianceParTree,zelnik5_y.zip
4,6,30,50,inf,20.0,0.1,1.0692760944366455,0.1897,245.5155,1.2806,0.7441,0.2642,0.6039,0.3903,0.3964,0.4372,0.3626,0.3964,0.4289,VarianceParTree,zelnik5_y.zip
4,6,30,50,inf,20.0,0.2,1.2034516334533691,0.1897,245.5155,1.2806,0.7441,0.2642,0.6039,0.3903,0.3964,0.4372,0.3626,0.3964,0.4289,VarianceParTree,zelnik5_y.zip
4,6,30,50,inf,inf,0.0,1.0447726249694824,0.3105,3.6064,0.4784,0.2597,0.0011,0.0116,0.0012,0.0162,0.0084,0.2059,0.0162,0.498,VarianceParTree,zelnik5_y.zip
4,6,30,50,inf,inf,0.1,1.13883638381958,0.3105,3.6064,0.4784,0.2597,0.0011,0.0116,0.0012,0.0162,0.0084,0.2059,0.0162,0.498,VarianceParTree,zelnik5_y.zip
4,6,30,50,inf,inf,0.2,1.0213003158569336,0.3105,3.6064,0.4784,0.2597,0.0011,0.0116,0.0012,0.0162,0.0084,0.2059,0.0162,0.498,VarianceParTree,zelnik5_y.zip
4,6,30,5,1000.0,100.0,0.0,1.1006848812103271,0.1897,245.5155,1.2806,0.7441,0.2642,0.6039,0.3903,0.3964,0.4372,0.3626,0.3964,0.4289,VarianceParTree,zelnik5_y.zip
4,6,30,5,1000.0,100.0,0.1,1.247692346572876,0.1897,245.5155,1.2806,0.7441,0.2642,0.6039,0.3903,0.3964,0.4372,0.3626,0.3964,0.4289,VarianceParTree,zelnik5_y.zip
4,6,30,5,1000.0,100.0,0.2,1.0808062553405762,0.1897,245.5155,1.2806,0.7441,0.2642,0.6039,0.3903,0.3964,0.4372,0.3626,0.3964,0.4289,VarianceParTree,zelnik5_y.zip
4,6,30,5,1000.0,20.0,0.0,1.2193233966827393,0.1897,245.5155,1.2806,0.7441,0.2642,0.6039,0.3903,0.3964,0.4372,0.3626,0.3964,0.4289,VarianceParTree,zelnik5_y.zip
4,6,30,5,1000.0,20.0,0.1,1.0977153778076172,0.1897,245.5155,1.2806,0.7441,0.2642,0.6039,0.3903,0.3964,0.4372,0.3626,0.3964,0.4289,VarianceParTree,zelnik5_y.zip
4,6,30,5,1000.0,20.0,0.2,1.2126097679138184,0.1897,245.5155,1.2806,0.7441,0.2642,0.6039,0.3903,0.3964,0.4372,0.3626,0.3964,0.4289,VarianceParTree,zelnik5_y.zip
4,6,30,5,1000.0,inf,0.0,1.0190916061401367,0.3105,3.6064,0.4784,0.2597,0.0011,0.0116,0.0012,0.0162,0.0084,0.2059,0.0162,0.498,VarianceParTree,zelnik5_y.zip
4,6,30,5,1000.0,inf,0.1,1.1648571491241455,0.3105,3.6064,0.4784,0.2597,0.0011,0.0116,0.0012,0.0162,0.0084,0.2059,0.0162,0.498,VarianceParTree,zelnik5_y.zip
4,6,30,5,1000.0,inf,0.2,1.0601446628570557,0.3105,3.6064,0.4784,0.2597,0.0011,0.0116,0.0012,0.0162,0.0084,0.2059,0.0162,0.498,VarianceParTree,zelnik5_y.zip
4,6,30,5,100.0,20.0,0.0,0.2650461196899414,0.1873,239.6841,1.4755,0.7749,0.383,0.7566,0.5071,0.5122,0.5477,0.481,0.5122,0.5311,VarianceParTree,zelnik5_y.zip
4,6,30,5,100.0,20.0,0.1,0.248798131942749,0.1873,239.6841,1.4755,0.7749,0.383,0.7566,0.5071,0.5122,0.5477,0.481,0.5122,0.5311,VarianceParTree,zelnik5_y.zip
4,6,30,5,100.0,20.0,0.2,0.2518301010131836,0.1873,239.6841,1.4755,0.7749,0.383,0.7566,0.5071,0.5122,0.5477,0.481,0.5122,0.5311,VarianceParTree,zelnik5_y.zip
4,6,30,5,inf,100.0,0.0,1.2111570835113523,0.1897,245.5155,1.2806,0.7441,0.2642,0.6039,0.3903,0.3964,0.4372,0.3626,0.3964,0.4289,VarianceParTree,zelnik5_y.zip
4,6,30,5,inf,100.0,0.1,1.0730745792388916,0.1897,245.5155,1.2806,0.7441,0.2642,0.6039,0.3903,0.3964,0.4372,0.3626,0.3964,0.4289,VarianceParTree,zelnik5_y.zip
4,6,30,5,inf,100.0,0.2,1.2034580707550049,0.1897,245.5155,1.2806,0.7441,0.2642,0.6039,0.3903,0.3964,0.4372,0.3626,0.3964,0.4289,VarianceParTree,zelnik5_y.zip
4,6,30,5,inf,20.0,0.0,1.0810880661010742,0.1897,245.5155,1.2806,0.7441,0.2642,0.6039,0.3903,0.3964,0.4372,0.3626,0.3964,0.4289,VarianceParTree,zelnik5_y.zip
4,6,30,5,inf,20.0,0.1,1.2381486892700195,0.1897,245.5155,1.2806,0.7441,0.2642,0.6039,0.3903,0.3964,0.4372,0.3626,0.3964,0.4289,VarianceParTree,zelnik5_y.zip
4,6,30,5,inf,20.0,0.2,1.0714514255523682,0.1897,245.5155,1.2806,0.7441,0.2642,0.6039,0.3903,0.3964,0.4372,0.3626,0.3964,0.4289,VarianceParTree,zelnik5_y.zip
4,6,30,5,inf,inf,0.0,1.047039031982422,0.3105,3.6064,0.4784,0.2597,0.0011,0.0116,0.0012,0.0162,0.0084,0.2059,0.0162,0.498,VarianceParTree,zelnik5_y.zip
4,6,30,5,inf,inf,0.1,1.1841707229614258,0.3105,3.6064,0.4784,0.2597,0.0011,0.0116,0.0012,0.0162,0.0084,0.2059,0.0162,0.498,VarianceParTree,zelnik5_y.zip
4,6,30,5,inf,inf,0.2,1.0657377243041992,0.3105,3.6064,0.4784,0.2597,0.0011,0.0116,0.0012,0.0162,0.0084,0.2059,0.0162,0.498,VarianceParTree,zelnik5_y.zip
4,6,3,50,1000.0,100.0,0.0,1.229097604751587,0.1897,245.5155,1.2806,0.7441,0.2642,0.6039,0.3903,0.3964,0.4372,0.3626,0.3964,0.4289,VarianceParTree,zelnik5_y.zip
4,6,3,50,1000.0,100.0,0.1,1.0730702877044678,0.1897,245.5155,1.2806,0.7441,0.2642,0.6039,0.3903,0.3964,0.4372,0.3626,0.3964,0.4289,VarianceParTree,zelnik5_y.zip
4,6,3,50,1000.0,100.0,0.2,1.2178924083709717,0.1897,245.5155,1.2806,0.7441,0.2642,0.6039,0.3903,0.3964,0.4372,0.3626,0.3964,0.4289,VarianceParTree,zelnik5_y.zip
4,6,3,50,1000.0,20.0,0.0,1.0777359008789062,0.1897,245.5155,1.2806,0.7441,0.2642,0.6039,0.3903,0.3964,0.4372,0.3626,0.3964,0.4289,VarianceParTree,zelnik5_y.zip
4,6,3,50,1000.0,20.0,0.1,1.2326462268829346,0.1897,245.5155,1.2806,0.7441,0.2642,0.6039,0.3903,0.3964,0.4372,0.3626,0.3964,0.4289,VarianceParTree,zelnik5_y.zip
4,6,3,50,1000.0,20.0,0.2,1.069910764694214,0.1897,245.5155,1.2806,0.7441,0.2642,0.6039,0.3903,0.3964,0.4372,0.3626,0.3964,0.4289,VarianceParTree,zelnik5_y.zip
4,6,3,50,1000.0,inf,0.0,1.050215482711792,0.3105,3.6064,0.4784,0.2597,0.0011,0.0116,0.0012,0.0162,0.0084,0.2059,0.0162,0.498,VarianceParTree,zelnik5_y.zip
4,6,3,50,1000.0,inf,0.1,1.0475609302520752,0.3105,3.6064,0.4784,0.2597,0.0011,0.0116,0.0012,0.0162,0.0084,0.2059,0.0162,0.498,VarianceParTree,zelnik5_y.zip
4,6,3,50,1000.0,inf,0.2,1.1501333713531494,0.3105,3.6064,0.4784,0.2597,0.0011,0.0116,0.0012,0.0162,0.0084,0.2059,0.0162,0.498,VarianceParTree,zelnik5_y.zip
4,6,3,50,100.0,20.0,0.0,0.2509803771972656,0.1873,239.6841,1.4755,0.7749,0.383,0.7566,0.5071,0.5122,0.5477,0.481,0.5122,0.5311,VarianceParTree,zelnik5_y.zip
4,6,3,50,100.0,20.0,0.1,0.2466490268707275,0.1873,239.6841,1.4755,0.7749,0.383,0.7566,0.5071,0.5122,0.5477,0.481,0.5122,0.5311,VarianceParTree,zelnik5_y.zip
4,6,3,50,100.0,20.0,0.2,0.2558867931365967,0.1873,239.6841,1.4755,0.7749,0.383,0.7566,0.5071,0.5122,0.5477,0.481,0.5122,0.5311,VarianceParTree,zelnik5_y.zip
4,6,3,50,inf,100.0,0.0,1.2313883304595947,0.1897,245.5155,1.2806,0.7441,0.2642,0.6039,0.3903,0.3964,0.4372,0.3626,0.3964,0.4289,VarianceParTree,zelnik5_y.zip
4,6,3,50,inf,100.0,0.1,1.0811161994934082,0.1897,245.5155,1.2806,0.7441,0.2642,0.6039,0.3903,0.3964,0.4372,0.3626,0.3964,0.4289,VarianceParTree,zelnik5_y.zip
4,6,3,50,inf,100.0,0.2,1.2115108966827393,0.1897,245.5155,1.2806,0.7441,0.2642,0.6039,0.3903,0.3964,0.4372,0.3626,0.3964,0.4289,VarianceParTree,zelnik5_y.zip
4,6,3,50,inf,20.0,0.0,1.1953551769256592,0.1897,245.5155,1.2806,0.7441,0.2642,0.6039,0.3903,0.3964,0.4372,0.3626,0.3964,0.4289,VarianceParTree,zelnik5_y.zip
4,6,3,50,inf,20.0,0.1,1.2151854038238523,0.1897,245.5155,1.2806,0.7441,0.2642,0.6039,0.3903,0.3964,0.4372,0.3626,0.3964,0.4289,VarianceParTree,zelnik5_y.zip
4,6,3,50,inf,20.0,0.2,1.0695042610168457,0.1897,245.5155,1.2806,0.7441,0.2642,0.6039,0.3903,0.3964,0.4372,0.3626,0.3964,0.4289,VarianceParTree,zelnik5_y.zip
4,6,3,50,inf,inf,0.0,1.149996280670166,0.3105,3.6064,0.4784,0.2597,0.0011,0.0116,0.0012,0.0162,0.0084,0.2059,0.0162,0.498,VarianceParTree,zelnik5_y.zip
4,6,3,50,inf,inf,0.1,1.0246257781982422,0.3105,3.6064,0.4784,0.2597,0.0011,0.0116,0.0012,0.0162,0.0084,0.2059,0.0162,0.498,VarianceParTree,zelnik5_y.zip
4,6,3,50,inf,inf,0.2,1.0456361770629885,0.3105,3.6064,0.4784,0.2597,0.0011,0.0116,0.0012,0.0162,0.0084,0.2059,0.0162,0.498,VarianceParTree,zelnik5_y.zip
4,6,3,5,1000.0,100.0,0.0,1.0897729396820068,0.1897,245.5155,1.2806,0.7441,0.2642,0.6039,0.3903,0.3964,0.4372,0.3626,0.3964,0.4289,VarianceParTree,zelnik5_y.zip
4,6,3,5,1000.0,100.0,0.1,1.120805740356445,0.1897,245.5155,1.2806,0.7441,0.2642,0.6039,0.3903,0.3964,0.4372,0.3626,0.3964,0.4289,VarianceParTree,zelnik5_y.zip
4,6,3,5,1000.0,100.0,0.2,1.1298458576202393,0.1897,245.5155,1.2806,0.7441,0.2642,0.6039,0.3903,0.3964,0.4372,0.3626,0.3964,0.4289,VarianceParTree,zelnik5_y.zip
4,6,3,5,1000.0,20.0,0.0,1.1235957145690918,0.1897,245.5155,1.2806,0.7441,0.2642,0.6039,0.3903,0.3964,0.4372,0.3626,0.3964,0.4289,VarianceParTree,zelnik5_y.zip
4,6,3,5,1000.0,20.0,0.1,1.161640167236328,0.1897,245.5155,1.2806,0.7441,0.2642,0.6039,0.3903,0.3964,0.4372,0.3626,0.3964,0.4289,VarianceParTree,zelnik5_y.zip
4,6,3,5,1000.0,20.0,0.2,1.0723953247070312,0.1897,245.5155,1.2806,0.7441,0.2642,0.6039,0.3903,0.3964,0.4372,0.3626,0.3964,0.4289,VarianceParTree,zelnik5_y.zip
4,6,3,5,1000.0,inf,0.0,1.0485594272613523,0.3105,3.6064,0.4784,0.2597,0.0011,0.0116,0.0012,0.0162,0.0084,0.2059,0.0162,0.498,VarianceParTree,zelnik5_y.zip
4,6,3,5,1000.0,inf,0.1,1.157191276550293,0.3105,3.6064,0.4784,0.2597,0.0011,0.0116,0.0012,0.0162,0.0084,0.2059,0.0162,0.498,VarianceParTree,zelnik5_y.zip
4,6,3,5,1000.0,inf,0.2,1.0327095985412598,0.3105,3.6064,0.4784,0.2597,0.0011,0.0116,0.0012,0.0162,0.0084,0.2059,0.0162,0.498,VarianceParTree,zelnik5_y.zip
4,6,3,5,100.0,20.0,0.0,0.2437782287597656,0.1873,239.6841,1.4755,0.7749,0.383,0.7566,0.5071,0.5122,0.5477,0.481,0.5122,0.5311,VarianceParTree,zelnik5_y.zip
4,6,3,5,100.0,20.0,0.1,0.2780940532684326,0.1873,239.6841,1.4755,0.7749,0.383,0.7566,0.5071,0.5122,0.5477,0.481,0.5122,0.5311,VarianceParTree,zelnik5_y.zip
4,6,3,5,100.0,20.0,0.2,0.2686939239501953,0.1873,239.6841,1.4755,0.7749,0.383,0.7566,0.5071,0.5122,0.5477,0.481,0.5122,0.5311,VarianceParTree,zelnik5_y.zip
4,6,3,5,inf,100.0,0.0,1.0788004398345947,0.1897,245.5155,1.2806,0.7441,0.2642,0.6039,0.3903,0.3964,0.4372,0.3626,0.3964,0.4289,VarianceParTree,zelnik5_y.zip
4,6,3,5,inf,100.0,0.1,1.1991796493530271,0.1897,245.5155,1.2806,0.7441,0.2642,0.6039,0.3903,0.3964,0.4372,0.3626,0.3964,0.4289,VarianceParTree,zelnik5_y.zip
4,6,3,5,inf,100.0,0.2,1.0923264026641846,0.1897,245.5155,1.2806,0.7441,0.2642,0.6039,0.3903,0.3964,0.4372,0.3626,0.3964,0.4289,VarianceParTree,zelnik5_y.zip
4,6,3,5,inf,20.0,0.0,1.2042908668518066,0.1897,245.5155,1.2806,0.7441,0.2642,0.6039,0.3903,0.3964,0.4372,0.3626,0.3964,0.4289,VarianceParTree,zelnik5_y.zip
4,6,3,5,inf,20.0,0.1,1.0703253746032717,0.1897,245.5155,1.2806,0.7441,0.2642,0.6039,0.3903,0.3964,0.4372,0.3626,0.3964,0.4289,VarianceParTree,zelnik5_y.zip
4,6,3,5,inf,20.0,0.2,1.217188596725464,0.1897,245.5155,1.2806,0.7441,0.2642,0.6039,0.3903,0.3964,0.4372,0.3626,0.3964,0.4289,VarianceParTree,zelnik5_y.zip
4,6,3,5,inf,inf,0.0,1.0385475158691406,0.3105,3.6064,0.4784,0.2597,0.0011,0.0116,0.0012,0.0162,0.0084,0.2059,0.0162,0.498,VarianceParTree,zelnik5_y.zip
4,6,3,5,inf,inf,0.1,1.1706130504608154,0.3105,3.6064,0.4784,0.2597,0.0011,0.0116,0.0012,0.0162,0.0084,0.2059,0.0162,0.498,VarianceParTree,zelnik5_y.zip
4,6,3,5,inf,inf,0.2,1.0577833652496338,0.3105,3.6064,0.4784,0.2597,0.0011,0.0116,0.0012,0.0162,0.0084,0.2059,0.0162,0.498,VarianceParTree,zelnik5_y.zip
4,8,30,50,1000.0,100.0,0.0,1.5675294399261477,0.2549,310.8254,1.8357,0.7827,0.3388,0.862,0.5154,0.5217,0.6241,0.4482,0.5217,0.4792,VarianceParTree,zelnik5_y.zip
4,8,30,50,1000.0,100.0,0.1,1.443685531616211,0.2549,310.8254,1.8357,0.7827,0.3388,0.862,0.5154,0.5217,0.6241,0.4482,0.5217,0.4792,VarianceParTree,zelnik5_y.zip
4,8,30,50,1000.0,100.0,0.2,1.6148042678833008,0.2549,310.8254,1.8357,0.7827,0.3388,0.862,0.5154,0.5217,0.6241,0.4482,0.5217,0.4792,VarianceParTree,zelnik5_y.zip
4,8,30,50,1000.0,20.0,0.0,1.5902128219604492,0.2549,310.8254,1.8357,0.7827,0.3388,0.862,0.5154,0.5217,0.6241,0.4482,0.5217,0.4792,VarianceParTree,zelnik5_y.zip
4,8,30,50,1000.0,20.0,0.1,1.4471752643585205,0.2549,310.8254,1.8357,0.7827,0.3388,0.862,0.5154,0.5217,0.6241,0.4482,0.5217,0.4792,VarianceParTree,zelnik5_y.zip
4,8,30,50,1000.0,20.0,0.2,1.5748987197875977,0.2549,310.8254,1.8357,0.7827,0.3388,0.862,0.5154,0.5217,0.6241,0.4482,0.5217,0.4792,VarianceParTree,zelnik5_y.zip
4,8,30,50,1000.0,inf,0.0,1.0683236122131348,0.3105,3.6064,0.4784,0.2597,0.0011,0.0116,0.0012,0.0162,0.0084,0.2059,0.0162,0.498,VarianceParTree,zelnik5_y.zip
4,8,30,50,1000.0,inf,0.1,1.163416624069214,0.3105,3.6064,0.4784,0.2597,0.0011,0.0116,0.0012,0.0162,0.0084,0.2059,0.0162,0.498,VarianceParTree,zelnik5_y.zip
4,8,30,50,1000.0,inf,0.2,1.0193381309509275,0.3105,3.6064,0.4784,0.2597,0.0011,0.0116,0.0012,0.0162,0.0084,0.2059,0.0162,0.498,VarianceParTree,zelnik5_y.zip
4,8,30,50,100.0,20.0,0.0,0.3448469638824463,0.2718,333.4553,2.0185,0.7934,0.3653,0.9335,0.5544,0.5601,0.6758,0.4782,0.5601,0.5006,VarianceParTree,zelnik5_y.zip
4,8,30,50,100.0,20.0,0.1,0.3695294857025146,0.2718,333.4553,2.0185,0.7934,0.3653,0.9335,0.5544,0.5601,0.6758,0.4782,0.5601,0.5006,VarianceParTree,zelnik5_y.zip
4,8,30,50,100.0,20.0,0.2,0.335158109664917,0.2718,333.4553,2.0185,0.7934,0.3653,0.9335,0.5544,0.5601,0.6758,0.4782,0.5601,0.5006,VarianceParTree,zelnik5_y.zip
4,8,30,50,inf,100.0,0.0,1.6019837856292725,0.2549,310.8254,1.8357,0.7827,0.3388,0.862,0.5154,0.5217,0.6241,0.4482,0.5217,0.4792,VarianceParTree,zelnik5_y.zip
4,8,30,50,inf,100.0,0.1,1.4283037185668943,0.2549,310.8254,1.8357,0.7827,0.3388,0.862,0.5154,0.5217,0.6241,0.4482,0.5217,0.4792,VarianceParTree,zelnik5_y.zip
4,8,30,50,inf,100.0,0.2,1.5460731983184814,0.2549,310.8254,1.8357,0.7827,0.3388,0.862,0.5154,0.5217,0.6241,0.4482,0.5217,0.4792,VarianceParTree,zelnik5_y.zip
4,8,30,50,inf,20.0,0.0,1.5658352375030518,0.2549,310.8254,1.8357,0.7827,0.3388,0.862,0.5154,0.5217,0.6241,0.4482,0.5217,0.4792,VarianceParTree,zelnik5_y.zip
4,8,30,50,inf,20.0,0.1,1.4223535060882568,0.2549,310.8254,1.8357,0.7827,0.3388,0.862,0.5154,0.5217,0.6241,0.4482,0.5217,0.4792,VarianceParTree,zelnik5_y.zip
4,8,30,50,inf,20.0,0.2,1.5773766040802002,0.2549,310.8254,1.8357,0.7827,0.3388,0.862,0.5154,0.5217,0.6241,0.4482,0.5217,0.4792,VarianceParTree,zelnik5_y.zip
4,8,30,50,inf,inf,0.0,1.0376439094543457,0.3105,3.6064,0.4784,0.2597,0.0011,0.0116,0.0012,0.0162,0.0084,0.2059,0.0162,0.498,VarianceParTree,zelnik5_y.zip
4,8,30,50,inf,inf,0.1,1.0531744956970217,0.3105,3.6064,0.4784,0.2597,0.0011,0.0116,0.0012,0.0162,0.0084,0.2059,0.0162,0.498,VarianceParTree,zelnik5_y.zip
4,8,30,50,inf,inf,0.2,1.1639046669006348,0.3105,3.6064,0.4784,0.2597,0.0011,0.0116,0.0012,0.0162,0.0084,0.2059,0.0162,0.498,VarianceParTree,zelnik5_y.zip
4,8,30,5,1000.0,100.0,0.0,1.5694715976715088,0.2549,310.8254,1.8357,0.7827,0.3388,0.862,0.5154,0.5217,0.6241,0.4482,0.5217,0.4792,VarianceParTree,zelnik5_y.zip
4,8,30,5,1000.0,100.0,0.1,1.609656572341919,0.2549,310.8254,1.8357,0.7827,0.3388,0.862,0.5154,0.5217,0.6241,0.4482,0.5217,0.4792,VarianceParTree,zelnik5_y.zip
4,8,30,5,1000.0,100.0,0.2,1.5627210140228271,0.2549,310.8254,1.8357,0.7827,0.3388,0.862,0.5154,0.5217,0.6241,0.4482,0.5217,0.4792,VarianceParTree,zelnik5_y.zip
4,8,30,5,1000.0,20.0,0.0,1.4189300537109375,0.2549,310.8254,1.8357,0.7827,0.3388,0.862,0.5154,0.5217,0.6241,0.4482,0.5217,0.4792,VarianceParTree,zelnik5_y.zip
4,8,30,5,1000.0,20.0,0.1,1.578838586807251,0.2549,310.8254,1.8357,0.7827,0.3388,0.862,0.5154,0.5217,0.6241,0.4482,0.5217,0.4792,VarianceParTree,zelnik5_y.zip
4,8,30,5,1000.0,20.0,0.2,1.4296016693115234,0.2549,310.8254,1.8357,0.7827,0.3388,0.862,0.5154,0.5217,0.6241,0.4482,0.5217,0.4792,VarianceParTree,zelnik5_y.zip
4,8,30,5,1000.0,inf,0.0,1.154170274734497,0.3105,3.6064,0.4784,0.2597,0.0011,0.0116,0.0012,0.0162,0.0084,0.2059,0.0162,0.498,VarianceParTree,zelnik5_y.zip
4,8,30,5,1000.0,inf,0.1,1.060844898223877,0.3105,3.6064,0.4784,0.2597,0.0011,0.0116,0.0012,0.0162,0.0084,0.2059,0.0162,0.498,VarianceParTree,zelnik5_y.zip
4,8,30,5,1000.0,inf,0.2,1.1662983894348145,0.3105,3.6064,0.4784,0.2597,0.0011,0.0116,0.0012,0.0162,0.0084,0.2059,0.0162,0.498,VarianceParTree,zelnik5_y.zip
4,8,30,5,100.0,20.0,0.0,0.3244020938873291,0.2718,333.4553,2.0185,0.7934,0.3653,0.9335,0.5544,0.5601,0.6758,0.4782,0.5601,0.5006,VarianceParTree,zelnik5_y.zip
4,8,30,5,100.0,20.0,0.1,0.3418214321136474,0.2718,333.4553,2.0185,0.7934,0.3653,0.9335,0.5544,0.5601,0.6758,0.4782,0.5601,0.5006,VarianceParTree,zelnik5_y.zip
4,8,30,5,100.0,20.0,0.2,0.3367059230804443,0.2718,333.4553,2.0185,0.7934,0.3653,0.9335,0.5544,0.5601,0.6758,0.4782,0.5601,0.5006,VarianceParTree,zelnik5_y.zip
4,8,30,5,inf,100.0,0.0,1.5833280086517334,0.2549,310.8254,1.8357,0.7827,0.3388,0.862,0.5154,0.5217,0.6241,0.4482,0.5217,0.4792,VarianceParTree,zelnik5_y.zip
4,8,30,5,inf,100.0,0.1,1.6032710075378418,0.2549,310.8254,1.8357,0.7827,0.3388,0.862,0.5154,0.5217,0.6241,0.4482,0.5217,0.4792,VarianceParTree,zelnik5_y.zip
4,8,30,5,inf,100.0,0.2,1.4318640232086182,0.2549,310.8254,1.8357,0.7827,0.3388,0.862,0.5154,0.5217,0.6241,0.4482,0.5217,0.4792,VarianceParTree,zelnik5_y.zip
4,8,30,5,inf,20.0,0.0,1.610818862915039,0.2549,310.8254,1.8357,0.7827,0.3388,0.862,0.5154,0.5217,0.6241,0.4482,0.5217,0.4792,VarianceParTree,zelnik5_y.zip
4,8,30,5,inf,20.0,0.1,1.4520320892333984,0.2549,310.8254,1.8357,0.7827,0.3388,0.862,0.5154,0.5217,0.6241,0.4482,0.5217,0.4792,VarianceParTree,zelnik5_y.zip
4,8,30,5,inf,20.0,0.2,1.5366744995117188,0.2549,310.8254,1.8357,0.7827,0.3388,0.862,0.5154,0.5217,0.6241,0.4482,0.5217,0.4792,VarianceParTree,zelnik5_y.zip
4,8,30,5,inf,inf,0.0,1.0560681819915771,0.3105,3.6064,0.4784,0.2597,0.0011,0.0116,0.0012,0.0162,0.0084,0.2059,0.0162,0.498,VarianceParTree,zelnik5_y.zip
4,8,30,5,inf,inf,0.1,1.14801025390625,0.3105,3.6064,0.4784,0.2597,0.0011,0.0116,0.0012,0.0162,0.0084,0.2059,0.0162,0.498,VarianceParTree,zelnik5_y.zip
4,8,30,5,inf,inf,0.2,1.0462908744812012,0.3105,3.6064,0.4784,0.2597,0.0011,0.0116,0.0012,0.0162,0.0084,0.2059,0.0162,0.498,VarianceParTree,zelnik5_y.zip
4,8,3,50,1000.0,100.0,0.0,1.4600579738616943,0.2549,310.8254,1.8357,0.7827,0.3388,0.862,0.5154,0.5217,0.6241,0.4482,0.5217,0.4792,VarianceParTree,zelnik5_y.zip
4,8,3,50,1000.0,100.0,0.1,1.5759282112121582,0.2549,310.8254,1.8357,0.7827,0.3388,0.862,0.5154,0.5217,0.6241,0.4482,0.5217,0.4792,VarianceParTree,zelnik5_y.zip
4,8,3,50,1000.0,100.0,0.2,1.5715088844299316,0.2549,310.8254,1.8357,0.7827,0.3388,0.862,0.5154,0.5217,0.6241,0.4482,0.5217,0.4792,VarianceParTree,zelnik5_y.zip
4,8,3,50,1000.0,20.0,0.0,1.417951583862305,0.2549,310.8254,1.8357,0.7827,0.3388,0.862,0.5154,0.5217,0.6241,0.4482,0.5217,0.4792,VarianceParTree,zelnik5_y.zip
4,8,3,50,1000.0,20.0,0.1,1.5884580612182615,0.2549,310.8254,1.8357,0.7827,0.3388,0.862,0.5154,0.5217,0.6241,0.4482,0.5217,0.4792,VarianceParTree,zelnik5_y.zip
4,8,3,50,1000.0,20.0,0.2,1.5772385597229004,0.2549,310.8254,1.8357,0.7827,0.3388,0.862,0.5154,0.5217,0.6241,0.4482,0.5217,0.4792,VarianceParTree,zelnik5_y.zip
4,8,3,50,1000.0,inf,0.0,1.0596132278442385,0.3105,3.6064,0.4784,0.2597,0.0011,0.0116,0.0012,0.0162,0.0084,0.2059,0.0162,0.498,VarianceParTree,zelnik5_y.zip
4,8,3,50,1000.0,inf,0.1,1.0608344078063965,0.3105,3.6064,0.4784,0.2597,0.0011,0.0116,0.0012,0.0162,0.0084,0.2059,0.0162,0.498,VarianceParTree,zelnik5_y.zip
4,8,3,50,1000.0,inf,0.2,1.182640552520752,0.3105,3.6064,0.4784,0.2597,0.0011,0.0116,0.0012,0.0162,0.0084,0.2059,0.0162,0.498,VarianceParTree,zelnik5_y.zip
4,8,3,50,100.0,20.0,0.0,0.3228509426116943,0.2718,333.4553,2.0185,0.7934,0.3653,0.9335,0.5544,0.5601,0.6758,0.4782,0.5601,0.5006,VarianceParTree,zelnik5_y.zip
4,8,3,50,100.0,20.0,0.1,0.3335282802581787,0.2718,333.4553,2.0185,0.7934,0.3653,0.9335,0.5544,0.5601,0.6758,0.4782,0.5601,0.5006,VarianceParTree,zelnik5_y.zip
4,8,3,50,100.0,20.0,0.2,0.3515892028808594,0.2718,333.4553,2.0185,0.7934,0.3653,0.9335,0.5544,0.5601,0.6758,0.4782,0.5601,0.5006,VarianceParTree,zelnik5_y.zip
4,8,3,50,inf,100.0,0.0,1.5493106842041016,0.2549,310.8254,1.8357,0.7827,0.3388,0.862,0.5154,0.5217,0.6241,0.4482,0.5217,0.4792,VarianceParTree,zelnik5_y.zip
4,8,3,50,inf,100.0,0.1,1.5580165386199951,0.2549,310.8254,1.8357,0.7827,0.3388,0.862,0.5154,0.5217,0.6241,0.4482,0.5217,0.4792,VarianceParTree,zelnik5_y.zip
4,8,3,50,inf,100.0,0.2,1.5998375415802002,0.2549,310.8254,1.8357,0.7827,0.3388,0.862,0.5154,0.5217,0.6241,0.4482,0.5217,0.4792,VarianceParTree,zelnik5_y.zip
4,8,3,50,inf,20.0,0.0,1.577099084854126,0.2549,310.8254,1.8357,0.7827,0.3388,0.862,0.5154,0.5217,0.6241,0.4482,0.5217,0.4792,VarianceParTree,zelnik5_y.zip
4,8,3,50,inf,20.0,0.1,1.5905444622039795,0.2549,310.8254,1.8357,0.7827,0.3388,0.862,0.5154,0.5217,0.6241,0.4482,0.5217,0.4792,VarianceParTree,zelnik5_y.zip
4,8,3,50,inf,20.0,0.2,1.4456522464752195,0.2549,310.8254,1.8357,0.7827,0.3388,0.862,0.5154,0.5217,0.6241,0.4482,0.5217,0.4792,VarianceParTree,zelnik5_y.zip
4,8,3,50,inf,inf,0.0,1.1620070934295654,0.3105,3.6064,0.4784,0.2597,0.0011,0.0116,0.0012,0.0162,0.0084,0.2059,0.0162,0.498,VarianceParTree,zelnik5_y.zip
4,8,3,50,inf,inf,0.1,1.0482909679412842,0.3105,3.6064,0.4784,0.2597,0.0011,0.0116,0.0012,0.0162,0.0084,0.2059,0.0162,0.498,VarianceParTree,zelnik5_y.zip
4,8,3,50,inf,inf,0.2,1.0309152603149414,0.3105,3.6064,0.4784,0.2597,0.0011,0.0116,0.0012,0.0162,0.0084,0.2059,0.0162,0.498,VarianceParTree,zelnik5_y.zip
4,8,3,5,1000.0,100.0,0.0,1.4970088005065918,0.2549,310.8254,1.8357,0.7827,0.3388,0.862,0.5154,0.5217,0.6241,0.4482,0.5217,0.4792,VarianceParTree,zelnik5_y.zip
4,8,3,5,1000.0,100.0,0.1,1.5220293998718262,0.2549,310.8254,1.8357,0.7827,0.3388,0.862,0.5154,0.5217,0.6241,0.4482,0.5217,0.4792,VarianceParTree,zelnik5_y.zip
4,8,3,5,1000.0,100.0,0.2,1.4651620388031006,0.2549,310.8254,1.8357,0.7827,0.3388,0.862,0.5154,0.5217,0.6241,0.4482,0.5217,0.4792,VarianceParTree,zelnik5_y.zip
4,8,3,5,1000.0,20.0,0.0,1.508824348449707,0.2549,310.8254,1.8357,0.7827,0.3388,0.862,0.5154,0.5217,0.6241,0.4482,0.5217,0.4792,VarianceParTree,zelnik5_y.zip
4,8,3,5,1000.0,20.0,0.1,1.4885833263397217,0.2549,310.8254,1.8357,0.7827,0.3388,0.862,0.5154,0.5217,0.6241,0.4482,0.5217,0.4792,VarianceParTree,zelnik5_y.zip
4,8,3,5,1000.0,20.0,0.2,1.4969863891601562,0.2549,310.8254,1.8357,0.7827,0.3388,0.862,0.5154,0.5217,0.6241,0.4482,0.5217,0.4792,VarianceParTree,zelnik5_y.zip
4,8,3,5,1000.0,inf,0.0,1.0368657112121582,0.3105,3.6064,0.4784,0.2597,0.0011,0.0116,0.0012,0.0162,0.0084,0.2059,0.0162,0.498,VarianceParTree,zelnik5_y.zip
4,8,3,5,1000.0,inf,0.1,1.1902806758880615,0.3105,3.6064,0.4784,0.2597,0.0011,0.0116,0.0012,0.0162,0.0084,0.2059,0.0162,0.498,VarianceParTree,zelnik5_y.zip
4,8,3,5,1000.0,inf,0.2,1.0280873775482178,0.3105,3.6064,0.4784,0.2597,0.0011,0.0116,0.0012,0.0162,0.0084,0.2059,0.0162,0.498,VarianceParTree,zelnik5_y.zip
4,8,3,5,100.0,20.0,0.0,0.4127974510192871,0.2718,333.4553,2.0185,0.7934,0.3653,0.9335,0.5544,0.5601,0.6758,0.4782,0.5601,0.5006,VarianceParTree,zelnik5_y.zip
4,8,3,5,100.0,20.0,0.1,0.3371491432189941,0.2718,333.4553,2.0185,0.7934,0.3653,0.9335,0.5544,0.5601,0.6758,0.4782,0.5601,0.5006,VarianceParTree,zelnik5_y.zip
4,8,3,5,100.0,20.0,0.2,0.3333134651184082,0.2718,333.4553,2.0185,0.7934,0.3653,0.9335,0.5544,0.5601,0.6758,0.4782,0.5601,0.5006,VarianceParTree,zelnik5_y.zip
4,8,3,5,inf,100.0,0.0,1.5611660480499268,0.2549,310.8254,1.8357,0.7827,0.3388,0.862,0.5154,0.5217,0.6241,0.4482,0.5217,0.4792,VarianceParTree,zelnik5_y.zip
4,8,3,5,inf,100.0,0.1,1.450839281082153,0.2549,310.8254,1.8357,0.7827,0.3388,0.862,0.5154,0.5217,0.6241,0.4482,0.5217,0.4792,VarianceParTree,zelnik5_y.zip
4,8,3,5,inf,100.0,0.2,1.547224044799805,0.2549,310.8254,1.8357,0.7827,0.3388,0.862,0.5154,0.5217,0.6241,0.4482,0.5217,0.4792,VarianceParTree,zelnik5_y.zip
4,8,3,5,inf,20.0,0.0,1.4441204071044922,0.2549,310.8254,1.8357,0.7827,0.3388,0.862,0.5154,0.5217,0.6241,0.4482,0.5217,0.4792,VarianceParTree,zelnik5_y.zip
4,8,3,5,inf,20.0,0.1,1.577087163925171,0.2549,310.8254,1.8357,0.7827,0.3388,0.862,0.5154,0.5217,0.6241,0.4482,0.5217,0.4792,VarianceParTree,zelnik5_y.zip
4,8,3,5,inf,20.0,0.2,1.6102101802825928,0.2549,310.8254,1.8357,0.7827,0.3388,0.862,0.5154,0.5217,0.6241,0.4482,0.5217,0.4792,VarianceParTree,zelnik5_y.zip
4,8,3,5,inf,inf,0.0,1.0504653453826904,0.3105,3.6064,0.4784,0.2597,0.0011,0.0116,0.0012,0.0162,0.0084,0.2059,0.0162,0.498,VarianceParTree,zelnik5_y.zip
4,8,3,5,inf,inf,0.1,1.0195870399475098,0.3105,3.6064,0.4784,0.2597,0.0011,0.0116,0.0012,0.0162,0.0084,0.2059,0.0162,0.498,VarianceParTree,zelnik5_y.zip
4,8,3,5,inf,inf,0.2,1.1779439449310305,0.3105,3.6064,0.4784,0.2597,0.0011,0.0116,0.0012,0.0162,0.0084,0.2059,0.0162,0.498,VarianceParTree,zelnik5_y.zip
6,10,30,50,1000.0,100.0,0.0,1.9207439422607424,0.2671,333.3253,1.6389,0.7956,0.3582,0.9714,0.5522,0.5593,0.7032,0.4643,0.5593,0.4937,VarianceParTree,zelnik5_y.zip
6,10,30,50,1000.0,100.0,0.1,1.805236339569092,0.2671,333.3253,1.6389,0.7956,0.3582,0.9714,0.5522,0.5593,0.7032,0.4643,0.5593,0.4937,VarianceParTree,zelnik5_y.zip
6,10,30,50,1000.0,100.0,0.2,1.9655320644378664,0.2671,333.3253,1.6389,0.7956,0.3582,0.9714,0.5522,0.5593,0.7032,0.4643,0.5593,0.4937,VarianceParTree,zelnik5_y.zip
6,10,30,50,1000.0,20.0,0.0,1.9394299983978271,0.2671,333.3253,1.6389,0.7956,0.3582,0.9714,0.5522,0.5593,0.7032,0.4643,0.5593,0.4937,VarianceParTree,zelnik5_y.zip
6,10,30,50,1000.0,20.0,0.1,1.939727067947388,0.2671,333.3253,1.6389,0.7956,0.3582,0.9714,0.5522,0.5593,0.7032,0.4643,0.5593,0.4937,VarianceParTree,zelnik5_y.zip
6,10,30,50,1000.0,20.0,0.2,1.948103427886963,0.2671,333.3253,1.6389,0.7956,0.3582,0.9714,0.5522,0.5593,0.7032,0.4643,0.5593,0.4937,VarianceParTree,zelnik5_y.zip
6,10,30,50,1000.0,inf,0.0,1.7122066020965576,0.3013,3.571,0.4814,0.264,0.0018,0.0175,0.0018,0.0239,0.0127,0.2069,0.0239,0.4965,VarianceParTree,zelnik5_y.zip
6,10,30,50,1000.0,inf,0.1,1.5564565658569336,0.3013,3.571,0.4814,0.264,0.0018,0.0175,0.0018,0.0239,0.0127,0.2069,0.0239,0.4965,VarianceParTree,zelnik5_y.zip
6,10,30,50,1000.0,inf,0.2,1.7073493003845217,0.3013,3.571,0.4814,0.264,0.0018,0.0175,0.0018,0.0239,0.0127,0.2069,0.0239,0.4965,VarianceParTree,zelnik5_y.zip
6,10,30,50,100.0,20.0,0.0,0.4088766574859619,0.2973,351.5887,1.6564,0.8105,0.3959,1.0713,0.6013,0.6075,0.7756,0.4993,0.6075,0.5271,VarianceParTree,zelnik5_y.zip
6,10,30,50,100.0,20.0,0.1,0.4109475612640381,0.2973,351.5887,1.6564,0.8105,0.3959,1.0713,0.6013,0.6075,0.7756,0.4993,0.6075,0.5271,VarianceParTree,zelnik5_y.zip
6,10,30,50,100.0,20.0,0.2,0.4205942153930664,0.2973,351.5887,1.6564,0.8105,0.3959,1.0713,0.6013,0.6075,0.7756,0.4993,0.6075,0.5271,VarianceParTree,zelnik5_y.zip
6,10,30,50,inf,100.0,0.0,1.7852585315704346,0.2671,333.3253,1.6389,0.7956,0.3582,0.9714,0.5522,0.5593,0.7032,0.4643,0.5593,0.4937,VarianceParTree,zelnik5_y.zip
6,10,30,50,inf,100.0,0.1,1.9187235832214355,0.2671,333.3253,1.6389,0.7956,0.3582,0.9714,0.5522,0.5593,0.7032,0.4643,0.5593,0.4937,VarianceParTree,zelnik5_y.zip
6,10,30,50,inf,100.0,0.2,1.950039625167847,0.2671,333.3253,1.6389,0.7956,0.3582,0.9714,0.5522,0.5593,0.7032,0.4643,0.5593,0.4937,VarianceParTree,zelnik5_y.zip
6,10,30,50,inf,20.0,0.0,1.9566748142242432,0.2671,333.3253,1.6389,0.7956,0.3582,0.9714,0.5522,0.5593,0.7032,0.4643,0.5593,0.4937,VarianceParTree,zelnik5_y.zip
6,10,30,50,inf,20.0,0.1,1.928138017654419,0.2671,333.3253,1.6389,0.7956,0.3582,0.9714,0.5522,0.5593,0.7032,0.4643,0.5593,0.4937,VarianceParTree,zelnik5_y.zip
6,10,30,50,inf,20.0,0.2,1.9169690608978271,0.2671,333.3253,1.6389,0.7956,0.3582,0.9714,0.5522,0.5593,0.7032,0.4643,0.5593,0.4937,VarianceParTree,zelnik5_y.zip
6,10,30,50,inf,inf,0.0,1.672809362411499,0.3013,3.571,0.4814,0.264,0.0018,0.0175,0.0018,0.0239,0.0127,0.2069,0.0239,0.4965,VarianceParTree,zelnik5_y.zip
6,10,30,50,inf,inf,0.1,1.5824809074401855,0.3013,3.571,0.4814,0.264,0.0018,0.0175,0.0018,0.0239,0.0127,0.2069,0.0239,0.4965,VarianceParTree,zelnik5_y.zip
6,10,30,50,inf,inf,0.2,1.657639503479004,0.3013,3.571,0.4814,0.264,0.0018,0.0175,0.0018,0.0239,0.0127,0.2069,0.0239,0.4965,VarianceParTree,zelnik5_y.zip
6,10,30,5,1000.0,100.0,0.0,1.9340968132019043,0.2671,333.3253,1.6389,0.7956,0.3582,0.9714,0.5522,0.5593,0.7032,0.4643,0.5593,0.4937,VarianceParTree,zelnik5_y.zip
6,10,30,5,1000.0,100.0,0.1,1.9219489097595213,0.2671,333.3253,1.6389,0.7956,0.3582,0.9714,0.5522,0.5593,0.7032,0.4643,0.5593,0.4937,VarianceParTree,zelnik5_y.zip
6,10,30,5,1000.0,100.0,0.2,1.929901361465454,0.2671,333.3253,1.6389,0.7956,0.3582,0.9714,0.5522,0.5593,0.7032,0.4643,0.5593,0.4937,VarianceParTree,zelnik5_y.zip
6,10,30,5,1000.0,20.0,0.0,1.809234380722046,0.2671,333.3253,1.6389,0.7956,0.3582,0.9714,0.5522,0.5593,0.7032,0.4643,0.5593,0.4937,VarianceParTree,zelnik5_y.zip
6,10,30,5,1000.0,20.0,0.1,1.899420976638794,0.2671,333.3253,1.6389,0.7956,0.3582,0.9714,0.5522,0.5593,0.7032,0.4643,0.5593,0.4937,VarianceParTree,zelnik5_y.zip
6,10,30,5,1000.0,20.0,0.2,1.9173848628997805,0.2671,333.3253,1.6389,0.7956,0.3582,0.9714,0.5522,0.5593,0.7032,0.4643,0.5593,0.4937,VarianceParTree,zelnik5_y.zip
6,10,30,5,1000.0,inf,0.0,1.5608367919921875,0.3013,3.571,0.4814,0.264,0.0018,0.0175,0.0018,0.0239,0.0127,0.2069,0.0239,0.4965,VarianceParTree,zelnik5_y.zip
6,10,30,5,1000.0,inf,0.1,1.673628568649292,0.3013,3.571,0.4814,0.264,0.0018,0.0175,0.0018,0.0239,0.0127,0.2069,0.0239,0.4965,VarianceParTree,zelnik5_y.zip
6,10,30,5,1000.0,inf,0.2,1.7173776626586914,0.3013,3.571,0.4814,0.264,0.0018,0.0175,0.0018,0.0239,0.0127,0.2069,0.0239,0.4965,VarianceParTree,zelnik5_y.zip
6,10,30,5,100.0,20.0,0.0,0.4161169528961181,0.2973,351.5887,1.6564,0.8105,0.3959,1.0713,0.6013,0.6075,0.7756,0.4993,0.6075,0.5271,VarianceParTree,zelnik5_y.zip
6,10,30,5,100.0,20.0,0.1,0.4051387310028076,0.2973,351.5887,1.6564,0.8105,0.3959,1.0713,0.6013,0.6075,0.7756,0.4993,0.6075,0.5271,VarianceParTree,zelnik5_y.zip
6,10,30,5,100.0,20.0,0.2,0.3952124118804931,0.2973,351.5887,1.6564,0.8105,0.3959,1.0713,0.6013,0.6075,0.7756,0.4993,0.6075,0.5271,VarianceParTree,zelnik5_y.zip
6,10,30,5,inf,100.0,0.0,1.95265531539917,0.2671,333.3253,1.6389,0.7956,0.3582,0.9714,0.5522,0.5593,0.7032,0.4643,0.5593,0.4937,VarianceParTree,zelnik5_y.zip
6,10,30,5,inf,100.0,0.1,1.9330434799194336,0.2671,333.3253,1.6389,0.7956,0.3582,0.9714,0.5522,0.5593,0.7032,0.4643,0.5593,0.4937,VarianceParTree,zelnik5_y.zip
6,10,30,5,inf,100.0,0.2,1.918475866317749,0.2671,333.3253,1.6389,0.7956,0.3582,0.9714,0.5522,0.5593,0.7032,0.4643,0.5593,0.4937,VarianceParTree,zelnik5_y.zip
6,10,30,5,inf,20.0,0.0,1.783463478088379,0.2671,333.3253,1.6389,0.7956,0.3582,0.9714,0.5522,0.5593,0.7032,0.4643,0.5593,0.4937,VarianceParTree,zelnik5_y.zip
6,10,30,5,inf,20.0,0.1,1.926887273788452,0.2671,333.3253,1.6389,0.7956,0.3582,0.9714,0.5522,0.5593,0.7032,0.4643,0.5593,0.4937,VarianceParTree,zelnik5_y.zip
6,10,30,5,inf,20.0,0.2,1.9323208332061768,0.2671,333.3253,1.6389,0.7956,0.3582,0.9714,0.5522,0.5593,0.7032,0.4643,0.5593,0.4937,VarianceParTree,zelnik5_y.zip
6,10,30,5,inf,inf,0.0,1.56480073928833,0.3013,3.571,0.4814,0.264,0.0018,0.0175,0.0018,0.0239,0.0127,0.2069,0.0239,0.4965,VarianceParTree,zelnik5_y.zip
6,10,30,5,inf,inf,0.1,1.6588096618652344,0.3013,3.571,0.4814,0.264,0.0018,0.0175,0.0018,0.0239,0.0127,0.2069,0.0239,0.4965,VarianceParTree,zelnik5_y.zip
6,10,30,5,inf,inf,0.2,1.6813781261444092,0.3013,3.571,0.4814,0.264,0.0018,0.0175,0.0018,0.0239,0.0127,0.2069,0.0239,0.4965,VarianceParTree,zelnik5_y.zip
6,10,3,50,1000.0,100.0,0.0,1.9524898529052732,0.2671,333.3253,1.6389,0.7956,0.3582,0.9714,0.5522,0.5593,0.7032,0.4643,0.5593,0.4937,VarianceParTree,zelnik5_y.zip
6,10,3,50,1000.0,100.0,0.1,1.9377636909484863,0.2671,333.3253,1.6389,0.7956,0.3582,0.9714,0.5522,0.5593,0.7032,0.4643,0.5593,0.4937,VarianceParTree,zelnik5_y.zip
6,10,3,50,1000.0,100.0,0.2,1.9358596801757808,0.2671,333.3253,1.6389,0.7956,0.3582,0.9714,0.5522,0.5593,0.7032,0.4643,0.5593,0.4937,VarianceParTree,zelnik5_y.zip
6,10,3,50,1000.0,20.0,0.0,1.927323579788208,0.2671,333.3253,1.6389,0.7956,0.3582,0.9714,0.5522,0.5593,0.7032,0.4643,0.5593,0.4937,VarianceParTree,zelnik5_y.zip
6,10,3,50,1000.0,20.0,0.1,1.9362831115722656,0.2671,333.3253,1.6389,0.7956,0.3582,0.9714,0.5522,0.5593,0.7032,0.4643,0.5593,0.4937,VarianceParTree,zelnik5_y.zip
6,10,3,50,1000.0,20.0,0.2,1.942798614501953,0.2671,333.3253,1.6389,0.7956,0.3582,0.9714,0.5522,0.5593,0.7032,0.4643,0.5593,0.4937,VarianceParTree,zelnik5_y.zip
6,10,3,50,1000.0,inf,0.0,1.6779463291168213,0.3013,3.571,0.4814,0.264,0.0018,0.0175,0.0018,0.0239,0.0127,0.2069,0.0239,0.4965,VarianceParTree,zelnik5_y.zip
6,10,3,50,1000.0,inf,0.1,1.6725668907165527,0.3013,3.571,0.4814,0.264,0.0018,0.0175,0.0018,0.0239,0.0127,0.2069,0.0239,0.4965,VarianceParTree,zelnik5_y.zip
6,10,3,50,1000.0,inf,0.2,1.5472300052642822,0.3013,3.571,0.4814,0.264,0.0018,0.0175,0.0018,0.0239,0.0127,0.2069,0.0239,0.4965,VarianceParTree,zelnik5_y.zip
6,10,3,50,100.0,20.0,0.0,0.3980348110198974,0.2973,351.5887,1.6564,0.8105,0.3959,1.0713,0.6013,0.6075,0.7756,0.4993,0.6075,0.5271,VarianceParTree,zelnik5_y.zip
6,10,3,50,100.0,20.0,0.1,0.4234776496887207,0.2973,351.5887,1.6564,0.8105,0.3959,1.0713,0.6013,0.6075,0.7756,0.4993,0.6075,0.5271,VarianceParTree,zelnik5_y.zip
6,10,3,50,100.0,20.0,0.2,0.3992278575897217,0.2973,351.5887,1.6564,0.8105,0.3959,1.0713,0.6013,0.6075,0.7756,0.4993,0.6075,0.5271,VarianceParTree,zelnik5_y.zip
6,10,3,50,inf,100.0,0.0,1.92537260055542,0.2671,333.3253,1.6389,0.7956,0.3582,0.9714,0.5522,0.5593,0.7032,0.4643,0.5593,0.4937,VarianceParTree,zelnik5_y.zip
6,10,3,50,inf,100.0,0.1,1.9615459442138672,0.2671,333.3253,1.6389,0.7956,0.3582,0.9714,0.5522,0.5593,0.7032,0.4643,0.5593,0.4937,VarianceParTree,zelnik5_y.zip
6,10,3,50,inf,100.0,0.2,1.7971522808074951,0.2671,333.3253,1.6389,0.7956,0.3582,0.9714,0.5522,0.5593,0.7032,0.4643,0.5593,0.4937,VarianceParTree,zelnik5_y.zip
6,10,3,50,inf,20.0,0.0,1.9517107009887693,0.2671,333.3253,1.6389,0.7956,0.3582,0.9714,0.5522,0.5593,0.7032,0.4643,0.5593,0.4937,VarianceParTree,zelnik5_y.zip
6,10,3,50,inf,20.0,0.1,1.968735933303833,0.2671,333.3253,1.6389,0.7956,0.3582,0.9714,0.5522,0.5593,0.7032,0.4643,0.5593,0.4937,VarianceParTree,zelnik5_y.zip
6,10,3,50,inf,20.0,0.2,1.8950743675231931,0.2671,333.3253,1.6389,0.7956,0.3582,0.9714,0.5522,0.5593,0.7032,0.4643,0.5593,0.4937,VarianceParTree,zelnik5_y.zip
6,10,3,50,inf,inf,0.0,1.6580352783203125,0.3013,3.571,0.4814,0.264,0.0018,0.0175,0.0018,0.0239,0.0127,0.2069,0.0239,0.4965,VarianceParTree,zelnik5_y.zip
6,10,3,50,inf,inf,0.1,1.670619249343872,0.3013,3.571,0.4814,0.264,0.0018,0.0175,0.0018,0.0239,0.0127,0.2069,0.0239,0.4965,VarianceParTree,zelnik5_y.zip
6,10,3,50,inf,inf,0.2,1.5542542934417725,0.3013,3.571,0.4814,0.264,0.0018,0.0175,0.0018,0.0239,0.0127,0.2069,0.0239,0.4965,VarianceParTree,zelnik5_y.zip
6,10,3,5,1000.0,100.0,0.0,1.8671038150787356,0.2671,333.3253,1.6389,0.7956,0.3582,0.9714,0.5522,0.5593,0.7032,0.4643,0.5593,0.4937,VarianceParTree,zelnik5_y.zip
6,10,3,5,1000.0,100.0,0.1,1.855677604675293,0.2671,333.3253,1.6389,0.7956,0.3582,0.9714,0.5522,0.5593,0.7032,0.4643,0.5593,0.4937,VarianceParTree,zelnik5_y.zip
6,10,3,5,1000.0,100.0,0.2,1.846745491027832,0.2671,333.3253,1.6389,0.7956,0.3582,0.9714,0.5522,0.5593,0.7032,0.4643,0.5593,0.4937,VarianceParTree,zelnik5_y.zip
6,10,3,5,1000.0,20.0,0.0,1.8322460651397705,0.2671,333.3253,1.6389,0.7956,0.3582,0.9714,0.5522,0.5593,0.7032,0.4643,0.5593,0.4937,VarianceParTree,zelnik5_y.zip
6,10,3,5,1000.0,20.0,0.1,1.9081294536590576,0.2671,333.3253,1.6389,0.7956,0.3582,0.9714,0.5522,0.5593,0.7032,0.4643,0.5593,0.4937,VarianceParTree,zelnik5_y.zip
6,10,3,5,1000.0,20.0,0.2,1.8351099491119385,0.2671,333.3253,1.6389,0.7956,0.3582,0.9714,0.5522,0.5593,0.7032,0.4643,0.5593,0.4937,VarianceParTree,zelnik5_y.zip
6,10,3,5,1000.0,inf,0.0,1.508552312850952,0.3013,3.571,0.4814,0.264,0.0018,0.0175,0.0018,0.0239,0.0127,0.2069,0.0239,0.4965,VarianceParTree,zelnik5_y.zip
6,10,3,5,1000.0,inf,0.1,1.718958854675293,0.3013,3.571,0.4814,0.264,0.0018,0.0175,0.0018,0.0239,0.0127,0.2069,0.0239,0.4965,VarianceParTree,zelnik5_y.zip
6,10,3,5,1000.0,inf,0.2,1.564986228942871,0.3013,3.571,0.4814,0.264,0.0018,0.0175,0.0018,0.0239,0.0127,0.2069,0.0239,0.4965,VarianceParTree,zelnik5_y.zip
6,10,3,5,100.0,20.0,0.0,0.3979048728942871,0.2973,351.5887,1.6564,0.8105,0.3959,1.0713,0.6013,0.6075,0.7756,0.4993,0.6075,0.5271,VarianceParTree,zelnik5_y.zip
6,10,3,5,100.0,20.0,0.1,0.4090640544891357,0.2973,351.5887,1.6564,0.8105,0.3959,1.0713,0.6013,0.6075,0.7756,0.4993,0.6075,0.5271,VarianceParTree,zelnik5_y.zip
6,10,3,5,100.0,20.0,0.2,0.4162755012512207,0.2973,351.5887,1.6564,0.8105,0.3959,1.0713,0.6013,0.6075,0.7756,0.4993,0.6075,0.5271,VarianceParTree,zelnik5_y.zip
6,10,3,5,inf,100.0,0.0,1.919640064239502,0.2671,333.3253,1.6389,0.7956,0.3582,0.9714,0.5522,0.5593,0.7032,0.4643,0.5593,0.4937,VarianceParTree,zelnik5_y.zip
6,10,3,5,inf,100.0,0.1,1.9285330772399905,0.2671,333.3253,1.6389,0.7956,0.3582,0.9714,0.5522,0.5593,0.7032,0.4643,0.5593,0.4937,VarianceParTree,zelnik5_y.zip
6,10,3,5,inf,100.0,0.2,1.91263747215271,0.2671,333.3253,1.6389,0.7956,0.3582,0.9714,0.5522,0.5593,0.7032,0.4643,0.5593,0.4937,VarianceParTree,zelnik5_y.zip
6,10,3,5,inf,20.0,0.0,1.9335808753967283,0.2671,333.3253,1.6389,0.7956,0.3582,0.9714,0.5522,0.5593,0.7032,0.4643,0.5593,0.4937,VarianceParTree,zelnik5_y.zip
6,10,3,5,inf,20.0,0.1,1.9380128383636477,0.2671,333.3253,1.6389,0.7956,0.3582,0.9714,0.5522,0.5593,0.7032,0.4643,0.5593,0.4937,VarianceParTree,zelnik5_y.zip
6,10,3,5,inf,20.0,0.2,1.910052299499512,0.2671,333.3253,1.6389,0.7956,0.3582,0.9714,0.5522,0.5593,0.7032,0.4643,0.5593,0.4937,VarianceParTree,zelnik5_y.zip
6,10,3,5,inf,inf,0.0,1.564913988113403,0.3013,3.571,0.4814,0.264,0.0018,0.0175,0.0018,0.0239,0.0127,0.2069,0.0239,0.4965,VarianceParTree,zelnik5_y.zip
6,10,3,5,inf,inf,0.1,1.6619606018066406,0.3013,3.571,0.4814,0.264,0.0018,0.0175,0.0018,0.0239,0.0127,0.2069,0.0239,0.4965,VarianceParTree,zelnik5_y.zip
6,10,3,5,inf,inf,0.2,1.5679876804351809,0.3013,3.571,0.4814,0.264,0.0018,0.0175,0.0018,0.0239,0.0127,0.2069,0.0239,0.4965,VarianceParTree,zelnik5_y.zip
6,12,30,50,1000.0,100.0,0.0,2.2639408111572266,0.2907,341.8132,1.5029,0.8134,0.391,1.1221,0.6032,0.6104,0.8123,0.4889,0.6104,0.5256,VarianceParTree,zelnik5_y.zip
6,12,30,50,1000.0,100.0,0.1,2.240396738052368,0.2907,341.8132,1.5029,0.8134,0.391,1.1221,0.6032,0.6104,0.8123,0.4889,0.6104,0.5256,VarianceParTree,zelnik5_y.zip
6,12,30,50,1000.0,100.0,0.2,2.285346746444702,0.2907,341.8132,1.5029,0.8134,0.391,1.1221,0.6032,0.6104,0.8123,0.4889,0.6104,0.5256,VarianceParTree,zelnik5_y.zip
6,12,30,50,1000.0,20.0,0.0,2.3018429279327397,0.2907,341.8132,1.5029,0.8134,0.391,1.1221,0.6032,0.6104,0.8123,0.4889,0.6104,0.5256,VarianceParTree,zelnik5_y.zip
6,12,30,50,1000.0,20.0,0.1,2.289741277694702,0.2907,341.8132,1.5029,0.8134,0.391,1.1221,0.6032,0.6104,0.8123,0.4889,0.6104,0.5256,VarianceParTree,zelnik5_y.zip
6,12,30,50,1000.0,20.0,0.2,2.2729713916778564,0.2907,341.8132,1.5029,0.8134,0.391,1.1221,0.6032,0.6104,0.8123,0.4889,0.6104,0.5256,VarianceParTree,zelnik5_y.zip
6,12,30,50,1000.0,inf,0.0,1.544328689575195,0.3013,3.571,0.4814,0.264,0.0018,0.0175,0.0018,0.0239,0.0127,0.2069,0.0239,0.4965,VarianceParTree,zelnik5_y.zip
6,12,30,50,1000.0,inf,0.1,1.6873645782470703,0.3013,3.571,0.4814,0.264,0.0018,0.0175,0.0018,0.0239,0.0127,0.2069,0.0239,0.4965,VarianceParTree,zelnik5_y.zip
6,12,30,50,1000.0,inf,0.2,1.6816623210906982,0.3013,3.571,0.4814,0.264,0.0018,0.0175,0.0018,0.0239,0.0127,0.2069,0.0239,0.4965,VarianceParTree,zelnik5_y.zip
6,12,30,50,100.0,20.0,0.0,0.4790422916412353,0.2989,343.3217,1.6143,0.8208,0.4099,1.1669,0.622,0.6288,0.8447,0.5008,0.6288,0.545,VarianceParTree,zelnik5_y.zip
6,12,30,50,100.0,20.0,0.1,0.4821677207946777,0.2989,343.3217,1.6143,0.8208,0.4099,1.1669,0.622,0.6288,0.8447,0.5008,0.6288,0.545,VarianceParTree,zelnik5_y.zip
6,12,30,50,100.0,20.0,0.2,0.4864320755004883,0.2989,343.3217,1.6143,0.8208,0.4099,1.1669,0.622,0.6288,0.8447,0.5008,0.6288,0.545,VarianceParTree,zelnik5_y.zip
6,12,30,50,inf,100.0,0.0,2.2978646755218506,0.2907,341.8132,1.5029,0.8134,0.391,1.1221,0.6032,0.6104,0.8123,0.4889,0.6104,0.5256,VarianceParTree,zelnik5_y.zip
6,12,30,50,inf,100.0,0.1,2.286449670791626,0.2907,341.8132,1.5029,0.8134,0.391,1.1221,0.6032,0.6104,0.8123,0.4889,0.6104,0.5256,VarianceParTree,zelnik5_y.zip
6,12,30,50,inf,100.0,0.2,2.256397247314453,0.2907,341.8132,1.5029,0.8134,0.391,1.1221,0.6032,0.6104,0.8123,0.4889,0.6104,0.5256,VarianceParTree,zelnik5_y.zip
6,12,30,50,inf,20.0,0.0,2.284421920776367,0.2907,341.8132,1.5029,0.8134,0.391,1.1221,0.6032,0.6104,0.8123,0.4889,0.6104,0.5256,VarianceParTree,zelnik5_y.zip
6,12,30,50,inf,20.0,0.1,2.2729172706604004,0.2907,341.8132,1.5029,0.8134,0.391,1.1221,0.6032,0.6104,0.8123,0.4889,0.6104,0.5256,VarianceParTree,zelnik5_y.zip
6,12,30,50,inf,20.0,0.2,2.2476003170013428,0.2907,341.8132,1.5029,0.8134,0.391,1.1221,0.6032,0.6104,0.8123,0.4889,0.6104,0.5256,VarianceParTree,zelnik5_y.zip
6,12,30,50,inf,inf,0.0,1.5263187885284424,0.3013,3.571,0.4814,0.264,0.0018,0.0175,0.0018,0.0239,0.0127,0.2069,0.0239,0.4965,VarianceParTree,zelnik5_y.zip
6,12,30,50,inf,inf,0.1,1.6659679412841797,0.3013,3.571,0.4814,0.264,0.0018,0.0175,0.0018,0.0239,0.0127,0.2069,0.0239,0.4965,VarianceParTree,zelnik5_y.zip
6,12,30,50,inf,inf,0.2,1.693431377410889,0.3013,3.571,0.4814,0.264,0.0018,0.0175,0.0018,0.0239,0.0127,0.2069,0.0239,0.4965,VarianceParTree,zelnik5_y.zip
6,12,30,5,1000.0,100.0,0.0,2.282890796661377,0.2907,341.8132,1.5029,0.8134,0.391,1.1221,0.6032,0.6104,0.8123,0.4889,0.6104,0.5256,VarianceParTree,zelnik5_y.zip
6,12,30,5,1000.0,100.0,0.1,2.25750732421875,0.2907,341.8132,1.5029,0.8134,0.391,1.1221,0.6032,0.6104,0.8123,0.4889,0.6104,0.5256,VarianceParTree,zelnik5_y.zip
6,12,30,5,1000.0,100.0,0.2,2.293163776397705,0.2907,341.8132,1.5029,0.8134,0.391,1.1221,0.6032,0.6104,0.8123,0.4889,0.6104,0.5256,VarianceParTree,zelnik5_y.zip
6,12,30,5,1000.0,20.0,0.0,2.277995109558105,0.2907,341.8132,1.5029,0.8134,0.391,1.1221,0.6032,0.6104,0.8123,0.4889,0.6104,0.5256,VarianceParTree,zelnik5_y.zip
6,12,30,5,1000.0,20.0,0.1,2.291738510131836,0.2907,341.8132,1.5029,0.8134,0.391,1.1221,0.6032,0.6104,0.8123,0.4889,0.6104,0.5256,VarianceParTree,zelnik5_y.zip
6,12,30,5,1000.0,20.0,0.2,2.262866973876953,0.2907,341.8132,1.5029,0.8134,0.391,1.1221,0.6032,0.6104,0.8123,0.4889,0.6104,0.5256,VarianceParTree,zelnik5_y.zip
6,12,30,5,1000.0,inf,0.0,1.6811611652374268,0.3013,3.571,0.4814,0.264,0.0018,0.0175,0.0018,0.0239,0.0127,0.2069,0.0239,0.4965,VarianceParTree,zelnik5_y.zip
6,12,30,5,1000.0,inf,0.1,1.543957233428955,0.3013,3.571,0.4814,0.264,0.0018,0.0175,0.0018,0.0239,0.0127,0.2069,0.0239,0.4965,VarianceParTree,zelnik5_y.zip
6,12,30,5,1000.0,inf,0.2,1.6920976638793943,0.3013,3.571,0.4814,0.264,0.0018,0.0175,0.0018,0.0239,0.0127,0.2069,0.0239,0.4965,VarianceParTree,zelnik5_y.zip
6,12,30,5,100.0,20.0,0.0,0.652745246887207,0.2989,343.3217,1.6143,0.8208,0.4099,1.1669,0.622,0.6288,0.8447,0.5008,0.6288,0.545,VarianceParTree,zelnik5_y.zip
6,12,30,5,100.0,20.0,0.1,0.4771325588226318,0.2989,343.3217,1.6143,0.8208,0.4099,1.1669,0.622,0.6288,0.8447,0.5008,0.6288,0.545,VarianceParTree,zelnik5_y.zip
6,12,30,5,100.0,20.0,0.2,0.4900557994842529,0.2989,343.3217,1.6143,0.8208,0.4099,1.1669,0.622,0.6288,0.8447,0.5008,0.6288,0.545,VarianceParTree,zelnik5_y.zip
6,12,30,5,inf,100.0,0.0,2.274729013442993,0.2907,341.8132,1.5029,0.8134,0.391,1.1221,0.6032,0.6104,0.8123,0.4889,0.6104,0.5256,VarianceParTree,zelnik5_y.zip
6,12,30,5,inf,100.0,0.1,2.3067827224731445,0.2907,341.8132,1.5029,0.8134,0.391,1.1221,0.6032,0.6104,0.8123,0.4889,0.6104,0.5256,VarianceParTree,zelnik5_y.zip
6,12,30,5,inf,100.0,0.2,2.2773690223693848,0.2907,341.8132,1.5029,0.8134,0.391,1.1221,0.6032,0.6104,0.8123,0.4889,0.6104,0.5256,VarianceParTree,zelnik5_y.zip
6,12,30,5,inf,20.0,0.0,2.298611879348755,0.2907,341.8132,1.5029,0.8134,0.391,1.1221,0.6032,0.6104,0.8123,0.4889,0.6104,0.5256,VarianceParTree,zelnik5_y.zip
6,12,30,5,inf,20.0,0.1,2.29777455329895,0.2907,341.8132,1.5029,0.8134,0.391,1.1221,0.6032,0.6104,0.8123,0.4889,0.6104,0.5256,VarianceParTree,zelnik5_y.zip
6,12,30,5,inf,20.0,0.2,2.2568416595458984,0.2907,341.8132,1.5029,0.8134,0.391,1.1221,0.6032,0.6104,0.8123,0.4889,0.6104,0.5256,VarianceParTree,zelnik5_y.zip
6,12,30,5,inf,inf,0.0,1.5407445430755615,0.3013,3.571,0.4814,0.264,0.0018,0.0175,0.0018,0.0239,0.0127,0.2069,0.0239,0.4965,VarianceParTree,zelnik5_y.zip
6,12,30,5,inf,inf,0.1,1.6501829624176023,0.3013,3.571,0.4814,0.264,0.0018,0.0175,0.0018,0.0239,0.0127,0.2069,0.0239,0.4965,VarianceParTree,zelnik5_y.zip
6,12,30,5,inf,inf,0.2,1.6759812831878662,0.3013,3.571,0.4814,0.264,0.0018,0.0175,0.0018,0.0239,0.0127,0.2069,0.0239,0.4965,VarianceParTree,zelnik5_y.zip
6,12,3,50,1000.0,100.0,0.0,2.401918172836304,0.2907,341.8132,1.5029,0.8134,0.391,1.1221,0.6032,0.6104,0.8123,0.4889,0.6104,0.5256,VarianceParTree,zelnik5_y.zip
6,12,3,50,1000.0,100.0,0.1,2.2704567909240723,0.2907,341.8132,1.5029,0.8134,0.391,1.1221,0.6032,0.6104,0.8123,0.4889,0.6104,0.5256,VarianceParTree,zelnik5_y.zip
6,12,3,50,1000.0,100.0,0.2,2.2812981605529785,0.2907,341.8132,1.5029,0.8134,0.391,1.1221,0.6032,0.6104,0.8123,0.4889,0.6104,0.5256,VarianceParTree,zelnik5_y.zip
6,12,3,50,1000.0,20.0,0.0,2.285897731781006,0.2907,341.8132,1.5029,0.8134,0.391,1.1221,0.6032,0.6104,0.8123,0.4889,0.6104,0.5256,VarianceParTree,zelnik5_y.zip
6,12,3,50,1000.0,20.0,0.1,2.274178504943848,0.2907,341.8132,1.5029,0.8134,0.391,1.1221,0.6032,0.6104,0.8123,0.4889,0.6104,0.5256,VarianceParTree,zelnik5_y.zip
6,12,3,50,1000.0,20.0,0.2,2.245382070541382,0.2907,341.8132,1.5029,0.8134,0.391,1.1221,0.6032,0.6104,0.8123,0.4889,0.6104,0.5256,VarianceParTree,zelnik5_y.zip
6,12,3,50,1000.0,inf,0.0,1.5513441562652588,0.3013,3.571,0.4814,0.264,0.0018,0.0175,0.0018,0.0239,0.0127,0.2069,0.0239,0.4965,VarianceParTree,zelnik5_y.zip
6,12,3,50,1000.0,inf,0.1,1.6775143146514893,0.3013,3.571,0.4814,0.264,0.0018,0.0175,0.0018,0.0239,0.0127,0.2069,0.0239,0.4965,VarianceParTree,zelnik5_y.zip
6,12,3,50,1000.0,inf,0.2,1.550619125366211,0.3013,3.571,0.4814,0.264,0.0018,0.0175,0.0018,0.0239,0.0127,0.2069,0.0239,0.4965,VarianceParTree,zelnik5_y.zip
6,12,3,50,100.0,20.0,0.0,0.4813237190246582,0.2989,343.3217,1.6143,0.8208,0.4099,1.1669,0.622,0.6288,0.8447,0.5008,0.6288,0.545,VarianceParTree,zelnik5_y.zip
6,12,3,50,100.0,20.0,0.1,0.4953553676605224,0.2989,343.3217,1.6143,0.8208,0.4099,1.1669,0.622,0.6288,0.8447,0.5008,0.6288,0.545,VarianceParTree,zelnik5_y.zip
6,12,3,50,100.0,20.0,0.2,0.4698235988616943,0.2989,343.3217,1.6143,0.8208,0.4099,1.1669,0.622,0.6288,0.8447,0.5008,0.6288,0.545,VarianceParTree,zelnik5_y.zip
6,12,3,50,inf,100.0,0.0,2.246760845184326,0.2907,341.8132,1.5029,0.8134,0.391,1.1221,0.6032,0.6104,0.8123,0.4889,0.6104,0.5256,VarianceParTree,zelnik5_y.zip
6,12,3,50,inf,100.0,0.1,2.359034299850464,0.2907,341.8132,1.5029,0.8134,0.391,1.1221,0.6032,0.6104,0.8123,0.4889,0.6104,0.5256,VarianceParTree,zelnik5_y.zip
6,12,3,50,inf,100.0,0.2,2.2770564556121826,0.2907,341.8132,1.5029,0.8134,0.391,1.1221,0.6032,0.6104,0.8123,0.4889,0.6104,0.5256,VarianceParTree,zelnik5_y.zip
6,12,3,50,inf,20.0,0.0,2.2447280883789062,0.2907,341.8132,1.5029,0.8134,0.391,1.1221,0.6032,0.6104,0.8123,0.4889,0.6104,0.5256,VarianceParTree,zelnik5_y.zip
6,12,3,50,inf,20.0,0.1,2.2699344158172607,0.2907,341.8132,1.5029,0.8134,0.391,1.1221,0.6032,0.6104,0.8123,0.4889,0.6104,0.5256,VarianceParTree,zelnik5_y.zip
6,12,3,50,inf,20.0,0.2,2.2935450077056885,0.2907,341.8132,1.5029,0.8134,0.391,1.1221,0.6032,0.6104,0.8123,0.4889,0.6104,0.5256,VarianceParTree,zelnik5_y.zip
6,12,3,50,inf,inf,0.0,1.654047966003418,0.3013,3.571,0.4814,0.264,0.0018,0.0175,0.0018,0.0239,0.0127,0.2069,0.0239,0.4965,VarianceParTree,zelnik5_y.zip
6,12,3,50,inf,inf,0.1,1.6970243453979492,0.3013,3.571,0.4814,0.264,0.0018,0.0175,0.0018,0.0239,0.0127,0.2069,0.0239,0.4965,VarianceParTree,zelnik5_y.zip
6,12,3,50,inf,inf,0.2,1.5647821426391602,0.3013,3.571,0.4814,0.264,0.0018,0.0175,0.0018,0.0239,0.0127,0.2069,0.0239,0.4965,VarianceParTree,zelnik5_y.zip
6,12,3,5,1000.0,100.0,0.0,2.24625015258789,0.2907,341.8132,1.5029,0.8134,0.391,1.1221,0.6032,0.6104,0.8123,0.4889,0.6104,0.5256,VarianceParTree,zelnik5_y.zip
6,12,3,5,1000.0,100.0,0.1,2.224956750869751,0.2907,341.8132,1.5029,0.8134,0.391,1.1221,0.6032,0.6104,0.8123,0.4889,0.6104,0.5256,VarianceParTree,zelnik5_y.zip
6,12,3,5,1000.0,100.0,0.2,2.184535026550293,0.2907,341.8132,1.5029,0.8134,0.391,1.1221,0.6032,0.6104,0.8123,0.4889,0.6104,0.5256,VarianceParTree,zelnik5_y.zip
6,12,3,5,1000.0,20.0,0.0,2.213388204574585,0.2907,341.8132,1.5029,0.8134,0.391,1.1221,0.6032,0.6104,0.8123,0.4889,0.6104,0.5256,VarianceParTree,zelnik5_y.zip
6,12,3,5,1000.0,20.0,0.1,2.17590069770813,0.2907,341.8132,1.5029,0.8134,0.391,1.1221,0.6032,0.6104,0.8123,0.4889,0.6104,0.5256,VarianceParTree,zelnik5_y.zip
6,12,3,5,1000.0,20.0,0.2,2.213284492492676,0.2907,341.8132,1.5029,0.8134,0.391,1.1221,0.6032,0.6104,0.8123,0.4889,0.6104,0.5256,VarianceParTree,zelnik5_y.zip
6,12,3,5,1000.0,inf,0.0,1.6608891487121582,0.3013,3.571,0.4814,0.264,0.0018,0.0175,0.0018,0.0239,0.0127,0.2069,0.0239,0.4965,VarianceParTree,zelnik5_y.zip
6,12,3,5,1000.0,inf,0.1,1.677055597305298,0.3013,3.571,0.4814,0.264,0.0018,0.0175,0.0018,0.0239,0.0127,0.2069,0.0239,0.4965,VarianceParTree,zelnik5_y.zip
6,12,3,5,1000.0,inf,0.2,1.514725685119629,0.3013,3.571,0.4814,0.264,0.0018,0.0175,0.0018,0.0239,0.0127,0.2069,0.0239,0.4965,VarianceParTree,zelnik5_y.zip
6,12,3,5,100.0,20.0,0.0,0.5239596366882324,0.2989,343.3217,1.6143,0.8208,0.4099,1.1669,0.622,0.6288,0.8447,0.5008,0.6288,0.545,VarianceParTree,zelnik5_y.zip
6,12,3,5,100.0,20.0,0.1,0.4822714328765869,0.2989,343.3217,1.6143,0.8208,0.4099,1.1669,0.622,0.6288,0.8447,0.5008,0.6288,0.545,VarianceParTree,zelnik5_y.zip
6,12,3,5,100.0,20.0,0.2,0.4820914268493652,0.2989,343.3217,1.6143,0.8208,0.4099,1.1669,0.622,0.6288,0.8447,0.5008,0.6288,0.545,VarianceParTree,zelnik5_y.zip
6,12,3,5,inf,100.0,0.0,2.2846550941467285,0.2907,341.8132,1.5029,0.8134,0.391,1.1221,0.6032,0.6104,0.8123,0.4889,0.6104,0.5256,VarianceParTree,zelnik5_y.zip
6,12,3,5,inf,100.0,0.1,2.2570416927337646,0.2907,341.8132,1.5029,0.8134,0.391,1.1221,0.6032,0.6104,0.8123,0.4889,0.6104,0.5256,VarianceParTree,zelnik5_y.zip
6,12,3,5,inf,100.0,0.2,2.251765251159668,0.2907,341.8132,1.5029,0.8134,0.391,1.1221,0.6032,0.6104,0.8123,0.4889,0.6104,0.5256,VarianceParTree,zelnik5_y.zip
6,12,3,5,inf,20.0,0.0,2.26399564743042,0.2907,341.8132,1.5029,0.8134,0.391,1.1221,0.6032,0.6104,0.8123,0.4889,0.6104,0.5256,VarianceParTree,zelnik5_y.zip
6,12,3,5,inf,20.0,0.1,2.259631395339966,0.2907,341.8132,1.5029,0.8134,0.391,1.1221,0.6032,0.6104,0.8123,0.4889,0.6104,0.5256,VarianceParTree,zelnik5_y.zip
6,12,3,5,inf,20.0,0.2,2.289994239807129,0.2907,341.8132,1.5029,0.8134,0.391,1.1221,0.6032,0.6104,0.8123,0.4889,0.6104,0.5256,VarianceParTree,zelnik5_y.zip
6,12,3,5,inf,inf,0.0,1.679551601409912,0.3013,3.571,0.4814,0.264,0.0018,0.0175,0.0018,0.0239,0.0127,0.2069,0.0239,0.4965,VarianceParTree,zelnik5_y.zip
6,12,3,5,inf,inf,0.1,1.6454315185546875,0.3013,3.571,0.4814,0.264,0.0018,0.0175,0.0018,0.0239,0.0127,0.2069,0.0239,0.4965,VarianceParTree,zelnik5_y.zip
6,12,3,5,inf,inf,0.2,1.5216851234436035,0.3013,3.571,0.4814,0.264,0.0018,0.0175,0.0018,0.0239,0.0127,0.2069,0.0239,0.4965,VarianceParTree,zelnik5_y.zip
6,2,30,50,1000.0,100.0,0.0,0.3837189674377441,0.3394,251.819,1.0811,0.6297,0.2861,0.4549,0.4453,0.4469,0.3293,0.6953,0.4469,0.5694,VarianceParTree,zelnik5_y.zip
6,2,30,50,1000.0,100.0,0.1,0.2642157077789306,0.3394,251.819,1.0811,0.6297,0.2861,0.4549,0.4453,0.4469,0.3293,0.6953,0.4469,0.5694,VarianceParTree,zelnik5_y.zip
6,2,30,50,1000.0,100.0,0.2,0.2617156505584717,0.3394,251.819,1.0811,0.6297,0.2861,0.4549,0.4453,0.4469,0.3293,0.6953,0.4469,0.5694,VarianceParTree,zelnik5_y.zip
6,2,30,50,1000.0,20.0,0.0,0.2802462577819824,0.3394,251.819,1.0811,0.6297,0.2861,0.4549,0.4453,0.4469,0.3293,0.6953,0.4469,0.5694,VarianceParTree,zelnik5_y.zip
6,2,30,50,1000.0,20.0,0.1,0.262601375579834,0.3394,251.819,1.0811,0.6297,0.2861,0.4549,0.4453,0.4469,0.3293,0.6953,0.4469,0.5694,VarianceParTree,zelnik5_y.zip
6,2,30,50,1000.0,20.0,0.2,0.2727088928222656,0.3394,251.819,1.0811,0.6297,0.2861,0.4549,0.4453,0.4469,0.3293,0.6953,0.4469,0.5694,VarianceParTree,zelnik5_y.zip
6,2,30,50,1000.0,inf,0.0,0.2670443058013916,0.3202,3.6314,0.4768,0.2532,0.0003,0.0029,0.0003,0.0041,0.0021,0.2044,0.0041,0.5003,VarianceParTree,zelnik5_y.zip
6,2,30,50,1000.0,inf,0.1,0.2767801284790039,0.3202,3.6314,0.4768,0.2532,0.0003,0.0029,0.0003,0.0041,0.0021,0.2044,0.0041,0.5003,VarianceParTree,zelnik5_y.zip
6,2,30,50,1000.0,inf,0.2,0.2696444988250732,0.3202,3.6314,0.4768,0.2532,0.0003,0.0029,0.0003,0.0041,0.0021,0.2044,0.0041,0.5003,VarianceParTree,zelnik5_y.zip
6,2,30,50,100.0,20.0,0.0,0.063136339187622,0.3352,246.4044,1.0798,0.627,0.2839,0.4532,0.4447,0.4463,0.3281,0.6977,0.4463,0.5694,VarianceParTree,zelnik5_y.zip
6,2,30,50,100.0,20.0,0.1,0.0683908462524414,0.3352,246.4044,1.0798,0.627,0.2839,0.4532,0.4447,0.4463,0.3281,0.6977,0.4463,0.5694,VarianceParTree,zelnik5_y.zip
6,2,30,50,100.0,20.0,0.2,0.0700993537902832,0.3352,246.4044,1.0798,0.627,0.2839,0.4532,0.4447,0.4463,0.3281,0.6977,0.4463,0.5694,VarianceParTree,zelnik5_y.zip
6,2,30,50,inf,100.0,0.0,0.2657186985015869,0.3394,251.819,1.0811,0.6297,0.2861,0.4549,0.4453,0.4469,0.3293,0.6953,0.4469,0.5694,VarianceParTree,zelnik5_y.zip
6,2,30,50,inf,100.0,0.1,0.2704577445983886,0.3394,251.819,1.0811,0.6297,0.2861,0.4549,0.4453,0.4469,0.3293,0.6953,0.4469,0.5694,VarianceParTree,zelnik5_y.zip
6,2,30,50,inf,100.0,0.2,0.2744145393371582,0.3394,251.819,1.0811,0.6297,0.2861,0.4549,0.4453,0.4469,0.3293,0.6953,0.4469,0.5694,VarianceParTree,zelnik5_y.zip
6,2,30,50,inf,20.0,0.0,0.262786865234375,0.3394,251.819,1.0811,0.6297,0.2861,0.4549,0.4453,0.4469,0.3293,0.6953,0.4469,0.5694,VarianceParTree,zelnik5_y.zip
6,2,30,50,inf,20.0,0.1,0.274066686630249,0.3394,251.819,1.0811,0.6297,0.2861,0.4549,0.4453,0.4469,0.3293,0.6953,0.4469,0.5694,VarianceParTree,zelnik5_y.zip
6,2,30,50,inf,20.0,0.2,0.3992865085601806,0.3394,251.819,1.0811,0.6297,0.2861,0.4549,0.4453,0.4469,0.3293,0.6953,0.4469,0.5694,VarianceParTree,zelnik5_y.zip
6,2,30,50,inf,inf,0.0,0.268399715423584,0.3202,3.6314,0.4768,0.2532,0.0003,0.0029,0.0003,0.0041,0.0021,0.2044,0.0041,0.5003,VarianceParTree,zelnik5_y.zip
6,2,30,50,inf,inf,0.1,0.2778868675231933,0.3202,3.6314,0.4768,0.2532,0.0003,0.0029,0.0003,0.0041,0.0021,0.2044,0.0041,0.5003,VarianceParTree,zelnik5_y.zip
6,2,30,50,inf,inf,0.2,0.2782363891601562,0.3202,3.6314,0.4768,0.2532,0.0003,0.0029,0.0003,0.0041,0.0021,0.2044,0.0041,0.5003,VarianceParTree,zelnik5_y.zip
6,2,30,5,1000.0,100.0,0.0,0.2711052894592285,0.3394,251.819,1.0811,0.6297,0.2861,0.4549,0.4453,0.4469,0.3293,0.6953,0.4469,0.5694,VarianceParTree,zelnik5_y.zip
6,2,30,5,1000.0,100.0,0.1,0.2698071002960205,0.3394,251.819,1.0811,0.6297,0.2861,0.4549,0.4453,0.4469,0.3293,0.6953,0.4469,0.5694,VarianceParTree,zelnik5_y.zip
6,2,30,5,1000.0,100.0,0.2,0.2665331363677978,0.3394,251.819,1.0811,0.6297,0.2861,0.4549,0.4453,0.4469,0.3293,0.6953,0.4469,0.5694,VarianceParTree,zelnik5_y.zip
6,2,30,5,1000.0,20.0,0.0,0.2708213329315185,0.3394,251.819,1.0811,0.6297,0.2861,0.4549,0.4453,0.4469,0.3293,0.6953,0.4469,0.5694,VarianceParTree,zelnik5_y.zip
6,2,30,5,1000.0,20.0,0.1,0.265690803527832,0.3394,251.819,1.0811,0.6297,0.2861,0.4549,0.4453,0.4469,0.3293,0.6953,0.4469,0.5694,VarianceParTree,zelnik5_y.zip
6,2,30,5,1000.0,20.0,0.2,0.3867909908294678,0.3394,251.819,1.0811,0.6297,0.2861,0.4549,0.4453,0.4469,0.3293,0.6953,0.4469,0.5694,VarianceParTree,zelnik5_y.zip
6,2,30,5,1000.0,inf,0.0,0.2655515670776367,0.3202,3.6314,0.4768,0.2532,0.0003,0.0029,0.0003,0.0041,0.0021,0.2044,0.0041,0.5003,VarianceParTree,zelnik5_y.zip
6,2,30,5,1000.0,inf,0.1,0.2694087028503418,0.3202,3.6314,0.4768,0.2532,0.0003,0.0029,0.0003,0.0041,0.0021,0.2044,0.0041,0.5003,VarianceParTree,zelnik5_y.zip
6,2,30,5,1000.0,inf,0.2,0.2606511116027832,0.3202,3.6314,0.4768,0.2532,0.0003,0.0029,0.0003,0.0041,0.0021,0.2044,0.0041,0.5003,VarianceParTree,zelnik5_y.zip
6,2,30,5,100.0,20.0,0.0,0.0632960796356201,0.3352,246.4044,1.0798,0.627,0.2839,0.4532,0.4447,0.4463,0.3281,0.6977,0.4463,0.5694,VarianceParTree,zelnik5_y.zip
6,2,30,5,100.0,20.0,0.1,0.0632832050323486,0.3352,246.4044,1.0798,0.627,0.2839,0.4532,0.4447,0.4463,0.3281,0.6977,0.4463,0.5694,VarianceParTree,zelnik5_y.zip
6,2,30,5,100.0,20.0,0.2,0.0654315948486328,0.3352,246.4044,1.0798,0.627,0.2839,0.4532,0.4447,0.4463,0.3281,0.6977,0.4463,0.5694,VarianceParTree,zelnik5_y.zip
6,2,30,5,inf,100.0,0.0,0.2595903873443603,0.3394,251.819,1.0811,0.6297,0.2861,0.4549,0.4453,0.4469,0.3293,0.6953,0.4469,0.5694,VarianceParTree,zelnik5_y.zip
6,2,30,5,inf,100.0,0.1,0.2610352039337158,0.3394,251.819,1.0811,0.6297,0.2861,0.4549,0.4453,0.4469,0.3293,0.6953,0.4469,0.5694,VarianceParTree,zelnik5_y.zip
6,2,30,5,inf,100.0,0.2,0.2625670433044433,0.3394,251.819,1.0811,0.6297,0.2861,0.4549,0.4453,0.4469,0.3293,0.6953,0.4469,0.5694,VarianceParTree,zelnik5_y.zip
6,2,30,5,inf,20.0,0.0,0.2594144344329834,0.3394,251.819,1.0811,0.6297,0.2861,0.4549,0.4453,0.4469,0.3293,0.6953,0.4469,0.5694,VarianceParTree,zelnik5_y.zip
6,2,30,5,inf,20.0,0.1,0.3890905380249023,0.3394,251.819,1.0811,0.6297,0.2861,0.4549,0.4453,0.4469,0.3293,0.6953,0.4469,0.5694,VarianceParTree,zelnik5_y.zip
6,2,30,5,inf,20.0,0.2,0.2661182880401611,0.3394,251.819,1.0811,0.6297,0.2861,0.4549,0.4453,0.4469,0.3293,0.6953,0.4469,0.5694,VarianceParTree,zelnik5_y.zip
6,2,30,5,inf,inf,0.0,0.2925539016723633,0.3202,3.6314,0.4768,0.2532,0.0003,0.0029,0.0003,0.0041,0.0021,0.2044,0.0041,0.5003,VarianceParTree,zelnik5_y.zip
6,2,30,5,inf,inf,0.1,0.2741820812225342,0.3202,3.6314,0.4768,0.2532,0.0003,0.0029,0.0003,0.0041,0.0021,0.2044,0.0041,0.5003,VarianceParTree,zelnik5_y.zip
6,2,30,5,inf,inf,0.2,0.2690858840942383,0.3202,3.6314,0.4768,0.2532,0.0003,0.0029,0.0003,0.0041,0.0021,0.2044,0.0041,0.5003,VarianceParTree,zelnik5_y.zip
6,2,3,50,1000.0,100.0,0.0,0.2674410343170166,0.3394,251.819,1.0811,0.6297,0.2861,0.4549,0.4453,0.4469,0.3293,0.6953,0.4469,0.5694,VarianceParTree,zelnik5_y.zip
6,2,3,50,1000.0,100.0,0.1,0.2770483493804931,0.3394,251.819,1.0811,0.6297,0.2861,0.4549,0.4453,0.4469,0.3293,0.6953,0.4469,0.5694,VarianceParTree,zelnik5_y.zip
6,2,3,50,1000.0,100.0,0.2,0.2601377964019775,0.3394,251.819,1.0811,0.6297,0.2861,0.4549,0.4453,0.4469,0.3293,0.6953,0.4469,0.5694,VarianceParTree,zelnik5_y.zip
6,2,3,50,1000.0,20.0,0.0,0.2724754810333252,0.3394,251.819,1.0811,0.6297,0.2861,0.4549,0.4453,0.4469,0.3293,0.6953,0.4469,0.5694,VarianceParTree,zelnik5_y.zip
6,2,3,50,1000.0,20.0,0.1,0.3989515304565429,0.3394,251.819,1.0811,0.6297,0.2861,0.4549,0.4453,0.4469,0.3293,0.6953,0.4469,0.5694,VarianceParTree,zelnik5_y.zip
6,2,3,50,1000.0,20.0,0.2,0.2673573493957519,0.3394,251.819,1.0811,0.6297,0.2861,0.4549,0.4453,0.4469,0.3293,0.6953,0.4469,0.5694,VarianceParTree,zelnik5_y.zip
6,2,3,50,1000.0,inf,0.0,0.2668507099151611,0.3202,3.6314,0.4768,0.2532,0.0003,0.0029,0.0003,0.0041,0.0021,0.2044,0.0041,0.5003,VarianceParTree,zelnik5_y.zip
6,2,3,50,1000.0,inf,0.1,0.2676379680633545,0.3202,3.6314,0.4768,0.2532,0.0003,0.0029,0.0003,0.0041,0.0021,0.2044,0.0041,0.5003,VarianceParTree,zelnik5_y.zip
6,2,3,50,1000.0,inf,0.2,0.265510082244873,0.3202,3.6314,0.4768,0.2532,0.0003,0.0029,0.0003,0.0041,0.0021,0.2044,0.0041,0.5003,VarianceParTree,zelnik5_y.zip
6,2,3,50,100.0,20.0,0.0,0.0632524490356445,0.3352,246.4044,1.0798,0.627,0.2839,0.4532,0.4447,0.4463,0.3281,0.6977,0.4463,0.5694,VarianceParTree,zelnik5_y.zip
6,2,3,50,100.0,20.0,0.1,0.0638055801391601,0.3352,246.4044,1.0798,0.627,0.2839,0.4532,0.4447,0.4463,0.3281,0.6977,0.4463,0.5694,VarianceParTree,zelnik5_y.zip
6,2,3,50,100.0,20.0,0.2,0.0626125335693359,0.3352,246.4044,1.0798,0.627,0.2839,0.4532,0.4447,0.4463,0.3281,0.6977,0.4463,0.5694,VarianceParTree,zelnik5_y.zip
6,2,3,50,inf,100.0,0.0,0.2665629386901855,0.3394,251.819,1.0811,0.6297,0.2861,0.4549,0.4453,0.4469,0.3293,0.6953,0.4469,0.5694,VarianceParTree,zelnik5_y.zip
6,2,3,50,inf,100.0,0.1,0.2665803432464599,0.3394,251.819,1.0811,0.6297,0.2861,0.4549,0.4453,0.4469,0.3293,0.6953,0.4469,0.5694,VarianceParTree,zelnik5_y.zip
6,2,3,50,inf,100.0,0.2,0.2679462432861328,0.3394,251.819,1.0811,0.6297,0.2861,0.4549,0.4453,0.4469,0.3293,0.6953,0.4469,0.5694,VarianceParTree,zelnik5_y.zip
6,2,3,50,inf,20.0,0.0,0.2678613662719726,0.3394,251.819,1.0811,0.6297,0.2861,0.4549,0.4453,0.4469,0.3293,0.6953,0.4469,0.5694,VarianceParTree,zelnik5_y.zip
6,2,3,50,inf,20.0,0.1,0.3934135437011719,0.3394,251.819,1.0811,0.6297,0.2861,0.4549,0.4453,0.4469,0.3293,0.6953,0.4469,0.5694,VarianceParTree,zelnik5_y.zip
6,2,3,50,inf,20.0,0.2,0.2617108821868896,0.3394,251.819,1.0811,0.6297,0.2861,0.4549,0.4453,0.4469,0.3293,0.6953,0.4469,0.5694,VarianceParTree,zelnik5_y.zip
6,2,3,50,inf,inf,0.0,0.2732162475585937,0.3202,3.6314,0.4768,0.2532,0.0003,0.0029,0.0003,0.0041,0.0021,0.2044,0.0041,0.5003,VarianceParTree,zelnik5_y.zip
6,2,3,50,inf,inf,0.1,0.2652046680450439,0.3202,3.6314,0.4768,0.2532,0.0003,0.0029,0.0003,0.0041,0.0021,0.2044,0.0041,0.5003,VarianceParTree,zelnik5_y.zip
6,2,3,50,inf,inf,0.2,0.2716090679168701,0.3202,3.6314,0.4768,0.2532,0.0003,0.0029,0.0003,0.0041,0.0021,0.2044,0.0041,0.5003,VarianceParTree,zelnik5_y.zip
6,2,3,5,1000.0,100.0,0.0,0.2671184539794922,0.3394,251.819,1.0811,0.6297,0.2861,0.4549,0.4453,0.4469,0.3293,0.6953,0.4469,0.5694,VarianceParTree,zelnik5_y.zip
6,2,3,5,1000.0,100.0,0.1,0.259197473526001,0.3394,251.819,1.0811,0.6297,0.2861,0.4549,0.4453,0.4469,0.3293,0.6953,0.4469,0.5694,VarianceParTree,zelnik5_y.zip
6,2,3,5,1000.0,100.0,0.2,0.2663502693176269,0.3394,251.819,1.0811,0.6297,0.2861,0.4549,0.4453,0.4469,0.3293,0.6953,0.4469,0.5694,VarianceParTree,zelnik5_y.zip
6,2,3,5,1000.0,20.0,0.0,0.2708258628845215,0.3394,251.819,1.0811,0.6297,0.2861,0.4549,0.4453,0.4469,0.3293,0.6953,0.4469,0.5694,VarianceParTree,zelnik5_y.zip
6,2,3,5,1000.0,20.0,0.1,0.335472822189331,0.3394,251.819,1.0811,0.6297,0.2861,0.4549,0.4453,0.4469,0.3293,0.6953,0.4469,0.5694,VarianceParTree,zelnik5_y.zip
6,2,3,5,1000.0,20.0,0.2,0.2700810432434082,0.3394,251.819,1.0811,0.6297,0.2861,0.4549,0.4453,0.4469,0.3293,0.6953,0.4469,0.5694,VarianceParTree,zelnik5_y.zip
6,2,3,5,1000.0,inf,0.0,0.2626035213470459,0.3202,3.6314,0.4768,0.2532,0.0003,0.0029,0.0003,0.0041,0.0021,0.2044,0.0041,0.5003,VarianceParTree,zelnik5_y.zip
6,2,3,5,1000.0,inf,0.1,0.2699100971221924,0.3202,3.6314,0.4768,0.2532,0.0003,0.0029,0.0003,0.0041,0.0021,0.2044,0.0041,0.5003,VarianceParTree,zelnik5_y.zip
6,2,3,5,1000.0,inf,0.2,0.262599229812622,0.3202,3.6314,0.4768,0.2532,0.0003,0.0029,0.0003,0.0041,0.0021,0.2044,0.0041,0.5003,VarianceParTree,zelnik5_y.zip
6,2,3,5,100.0,20.0,0.0,0.0612657070159912,0.3352,246.4044,1.0798,0.627,0.2839,0.4532,0.4447,0.4463,0.3281,0.6977,0.4463,0.5694,VarianceParTree,zelnik5_y.zip
6,2,3,5,100.0,20.0,0.1,0.0601186752319335,0.3352,246.4044,1.0798,0.627,0.2839,0.4532,0.4447,0.4463,0.3281,0.6977,0.4463,0.5694,VarianceParTree,zelnik5_y.zip
6,2,3,5,100.0,20.0,0.2,0.0611560344696044,0.3352,246.4044,1.0798,0.627,0.2839,0.4532,0.4447,0.4463,0.3281,0.6977,0.4463,0.5694,VarianceParTree,zelnik5_y.zip
6,2,3,5,inf,100.0,0.0,0.2749636173248291,0.3394,251.819,1.0811,0.6297,0.2861,0.4549,0.4453,0.4469,0.3293,0.6953,0.4469,0.5694,VarianceParTree,zelnik5_y.zip
6,2,3,5,inf,100.0,0.1,0.4033107757568359,0.3394,251.819,1.0811,0.6297,0.2861,0.4549,0.4453,0.4469,0.3293,0.6953,0.4469,0.5694,VarianceParTree,zelnik5_y.zip
6,2,3,5,inf,100.0,0.2,0.2742986679077148,0.3394,251.819,1.0811,0.6297,0.2861,0.4549,0.4453,0.4469,0.3293,0.6953,0.4469,0.5694,VarianceParTree,zelnik5_y.zip
6,2,3,5,inf,20.0,0.0,0.2696316242218017,0.3394,251.819,1.0811,0.6297,0.2861,0.4549,0.4453,0.4469,0.3293,0.6953,0.4469,0.5694,VarianceParTree,zelnik5_y.zip
6,2,3,5,inf,20.0,0.1,0.2768909931182861,0.3394,251.819,1.0811,0.6297,0.2861,0.4549,0.4453,0.4469,0.3293,0.6953,0.4469,0.5694,VarianceParTree,zelnik5_y.zip
6,2,3,5,inf,20.0,0.2,0.2604677677154541,0.3394,251.819,1.0811,0.6297,0.2861,0.4549,0.4453,0.4469,0.3293,0.6953,0.4469,0.5694,VarianceParTree,zelnik5_y.zip
6,2,3,5,inf,inf,0.0,0.2558155059814453,0.3202,3.6314,0.4768,0.2532,0.0003,0.0029,0.0003,0.0041,0.0021,0.2044,0.0041,0.5003,VarianceParTree,zelnik5_y.zip
6,2,3,5,inf,inf,0.1,0.2585992813110351,0.3202,3.6314,0.4768,0.2532,0.0003,0.0029,0.0003,0.0041,0.0021,0.2044,0.0041,0.5003,VarianceParTree,zelnik5_y.zip
6,2,3,5,inf,inf,0.2,0.2735178470611572,0.3202,3.6314,0.4768,0.2532,0.0003,0.0029,0.0003,0.0041,0.0021,0.2044,0.0041,0.5003,VarianceParTree,zelnik5_y.zip
6,4,30,50,1000.0,100.0,0.0,0.8272361755371094,0.3004,289.7329,1.085,0.7429,0.329,0.5553,0.4019,0.4058,0.402,0.4097,0.4058,0.5023,VarianceParTree,zelnik5_y.zip
6,4,30,50,1000.0,100.0,0.1,0.7032182216644287,0.3004,289.7329,1.085,0.7429,0.329,0.5553,0.4019,0.4058,0.402,0.4097,0.4058,0.5023,VarianceParTree,zelnik5_y.zip
6,4,30,50,1000.0,100.0,0.2,0.7173078060150146,0.3004,289.7329,1.085,0.7429,0.329,0.5553,0.4019,0.4058,0.402,0.4097,0.4058,0.5023,VarianceParTree,zelnik5_y.zip
6,4,30,50,1000.0,20.0,0.0,0.7276089191436768,0.3004,289.7329,1.085,0.7429,0.329,0.5553,0.4019,0.4058,0.402,0.4097,0.4058,0.5023,VarianceParTree,zelnik5_y.zip
6,4,30,50,1000.0,20.0,0.1,0.7029006481170654,0.3004,289.7329,1.085,0.7429,0.329,0.5553,0.4019,0.4058,0.402,0.4097,0.4058,0.5023,VarianceParTree,zelnik5_y.zip
6,4,30,50,1000.0,20.0,0.2,0.669572114944458,0.3004,289.7329,1.085,0.7429,0.329,0.5553,0.4019,0.4058,0.402,0.4097,0.4058,0.5023,VarianceParTree,zelnik5_y.zip
6,4,30,50,1000.0,inf,0.0,0.8009905815124512,0.3107,3.5768,0.4808,0.2575,0.0008,0.0087,0.0008,0.0122,0.0063,0.2054,0.0122,0.4987,VarianceParTree,zelnik5_y.zip
6,4,30,50,1000.0,inf,0.1,0.7730708122253418,0.3107,3.5768,0.4808,0.2575,0.0008,0.0087,0.0008,0.0122,0.0063,0.2054,0.0122,0.4987,VarianceParTree,zelnik5_y.zip
6,4,30,50,1000.0,inf,0.2,0.9094018936157228,0.3107,3.5768,0.4808,0.2575,0.0008,0.0087,0.0008,0.0122,0.0063,0.2054,0.0122,0.4987,VarianceParTree,zelnik5_y.zip
6,4,30,50,100.0,20.0,0.0,0.1886031627655029,0.2306,270.7353,1.3757,0.7675,0.4236,0.7183,0.5431,0.5462,0.52,0.5751,0.5462,0.5854,VarianceParTree,zelnik5_y.zip
6,4,30,50,100.0,20.0,0.1,0.172396183013916,0.2306,270.7353,1.3757,0.7675,0.4236,0.7183,0.5431,0.5462,0.52,0.5751,0.5462,0.5854,VarianceParTree,zelnik5_y.zip
6,4,30,50,100.0,20.0,0.2,0.1751108169555664,0.2306,270.7353,1.3757,0.7675,0.4236,0.7183,0.5431,0.5462,0.52,0.5751,0.5462,0.5854,VarianceParTree,zelnik5_y.zip
6,4,30,50,inf,100.0,0.0,0.7047529220581055,0.3004,289.7329,1.085,0.7429,0.329,0.5553,0.4019,0.4058,0.402,0.4097,0.4058,0.5023,VarianceParTree,zelnik5_y.zip
6,4,30,50,inf,100.0,0.1,0.6692838668823242,0.3004,289.7329,1.085,0.7429,0.329,0.5553,0.4019,0.4058,0.402,0.4097,0.4058,0.5023,VarianceParTree,zelnik5_y.zip
6,4,30,50,inf,100.0,0.2,0.820002555847168,0.3004,289.7329,1.085,0.7429,0.329,0.5553,0.4019,0.4058,0.402,0.4097,0.4058,0.5023,VarianceParTree,zelnik5_y.zip
6,4,30,50,inf,20.0,0.0,0.6830189228057861,0.3004,289.7329,1.085,0.7429,0.329,0.5553,0.4019,0.4058,0.402,0.4097,0.4058,0.5023,VarianceParTree,zelnik5_y.zip
6,4,30,50,inf,20.0,0.1,0.8730471134185791,0.3004,289.7329,1.085,0.7429,0.329,0.5553,0.4019,0.4058,0.402,0.4097,0.4058,0.5023,VarianceParTree,zelnik5_y.zip
6,4,30,50,inf,20.0,0.2,0.7006406784057617,0.3004,289.7329,1.085,0.7429,0.329,0.5553,0.4019,0.4058,0.402,0.4097,0.4058,0.5023,VarianceParTree,zelnik5_y.zip
6,4,30,50,inf,inf,0.0,0.7784924507141113,0.3107,3.5768,0.4808,0.2575,0.0008,0.0087,0.0008,0.0122,0.0063,0.2054,0.0122,0.4987,VarianceParTree,zelnik5_y.zip
6,4,30,50,inf,inf,0.1,0.9231770038604736,0.3107,3.5768,0.4808,0.2575,0.0008,0.0087,0.0008,0.0122,0.0063,0.2054,0.0122,0.4987,VarianceParTree,zelnik5_y.zip
6,4,30,50,inf,inf,0.2,0.7656252384185791,0.3107,3.5768,0.4808,0.2575,0.0008,0.0087,0.0008,0.0122,0.0063,0.2054,0.0122,0.4987,VarianceParTree,zelnik5_y.zip
6,4,30,5,1000.0,100.0,0.0,0.707848310470581,0.3004,289.7329,1.085,0.7429,0.329,0.5553,0.4019,0.4058,0.402,0.4097,0.4058,0.5023,VarianceParTree,zelnik5_y.zip
6,4,30,5,1000.0,100.0,0.1,0.8196694850921631,0.3004,289.7329,1.085,0.7429,0.329,0.5553,0.4019,0.4058,0.402,0.4097,0.4058,0.5023,VarianceParTree,zelnik5_y.zip
6,4,30,5,1000.0,100.0,0.2,0.7025899887084961,0.3004,289.7329,1.085,0.7429,0.329,0.5553,0.4019,0.4058,0.402,0.4097,0.4058,0.5023,VarianceParTree,zelnik5_y.zip
6,4,30,5,1000.0,20.0,0.0,0.8081088066101074,0.3004,289.7329,1.085,0.7429,0.329,0.5553,0.4019,0.4058,0.402,0.4097,0.4058,0.5023,VarianceParTree,zelnik5_y.zip
6,4,30,5,1000.0,20.0,0.1,0.7350528240203857,0.3004,289.7329,1.085,0.7429,0.329,0.5553,0.4019,0.4058,0.402,0.4097,0.4058,0.5023,VarianceParTree,zelnik5_y.zip
6,4,30,5,1000.0,20.0,0.2,0.7017636299133301,0.3004,289.7329,1.085,0.7429,0.329,0.5553,0.4019,0.4058,0.402,0.4097,0.4058,0.5023,VarianceParTree,zelnik5_y.zip
6,4,30,5,1000.0,inf,0.0,0.916860580444336,0.3107,3.5768,0.4808,0.2575,0.0008,0.0087,0.0008,0.0122,0.0063,0.2054,0.0122,0.4987,VarianceParTree,zelnik5_y.zip
6,4,30,5,1000.0,inf,0.1,0.7926580905914307,0.3107,3.5768,0.4808,0.2575,0.0008,0.0087,0.0008,0.0122,0.0063,0.2054,0.0122,0.4987,VarianceParTree,zelnik5_y.zip
6,4,30,5,1000.0,inf,0.2,0.7845766544342041,0.3107,3.5768,0.4808,0.2575,0.0008,0.0087,0.0008,0.0122,0.0063,0.2054,0.0122,0.4987,VarianceParTree,zelnik5_y.zip
6,4,30,5,100.0,20.0,0.0,0.1801869869232177,0.2306,270.7353,1.3757,0.7675,0.4236,0.7183,0.5431,0.5462,0.52,0.5751,0.5462,0.5854,VarianceParTree,zelnik5_y.zip
6,4,30,5,100.0,20.0,0.1,0.1774623394012451,0.2306,270.7353,1.3757,0.7675,0.4236,0.7183,0.5431,0.5462,0.52,0.5751,0.5462,0.5854,VarianceParTree,zelnik5_y.zip
6,4,30,5,100.0,20.0,0.2,0.1741416454315185,0.2306,270.7353,1.3757,0.7675,0.4236,0.7183,0.5431,0.5462,0.52,0.5751,0.5462,0.5854,VarianceParTree,zelnik5_y.zip
6,4,30,5,inf,100.0,0.0,0.6876304149627686,0.3004,289.7329,1.085,0.7429,0.329,0.5553,0.4019,0.4058,0.402,0.4097,0.4058,0.5023,VarianceParTree,zelnik5_y.zip
6,4,30,5,inf,100.0,0.1,0.7077345848083496,0.3004,289.7329,1.085,0.7429,0.329,0.5553,0.4019,0.4058,0.402,0.4097,0.4058,0.5023,VarianceParTree,zelnik5_y.zip
6,4,30,5,inf,100.0,0.2,0.6883375644683838,0.3004,289.7329,1.085,0.7429,0.329,0.5553,0.4019,0.4058,0.402,0.4097,0.4058,0.5023,VarianceParTree,zelnik5_y.zip
6,4,30,5,inf,20.0,0.0,0.7031919956207275,0.3004,289.7329,1.085,0.7429,0.329,0.5553,0.4019,0.4058,0.402,0.4097,0.4058,0.5023,VarianceParTree,zelnik5_y.zip
6,4,30,5,inf,20.0,0.1,0.6994752883911133,0.3004,289.7329,1.085,0.7429,0.329,0.5553,0.4019,0.4058,0.402,0.4097,0.4058,0.5023,VarianceParTree,zelnik5_y.zip
6,4,30,5,inf,20.0,0.2,0.8446187973022461,0.3004,289.7329,1.085,0.7429,0.329,0.5553,0.4019,0.4058,0.402,0.4097,0.4058,0.5023,VarianceParTree,zelnik5_y.zip
6,4,30,5,inf,inf,0.0,0.7808637619018555,0.3107,3.5768,0.4808,0.2575,0.0008,0.0087,0.0008,0.0122,0.0063,0.2054,0.0122,0.4987,VarianceParTree,zelnik5_y.zip
6,4,30,5,inf,inf,0.1,0.7644631862640381,0.3107,3.5768,0.4808,0.2575,0.0008,0.0087,0.0008,0.0122,0.0063,0.2054,0.0122,0.4987,VarianceParTree,zelnik5_y.zip
6,4,30,5,inf,inf,0.2,0.9056949615478516,0.3107,3.5768,0.4808,0.2575,0.0008,0.0087,0.0008,0.0122,0.0063,0.2054,0.0122,0.4987,VarianceParTree,zelnik5_y.zip
6,4,3,50,1000.0,100.0,0.0,0.7103025913238525,0.3004,289.7329,1.085,0.7429,0.329,0.5553,0.4019,0.4058,0.402,0.4097,0.4058,0.5023,VarianceParTree,zelnik5_y.zip
6,4,3,50,1000.0,100.0,0.1,0.6778464317321777,0.3004,289.7329,1.085,0.7429,0.329,0.5553,0.4019,0.4058,0.402,0.4097,0.4058,0.5023,VarianceParTree,zelnik5_y.zip
6,4,3,50,1000.0,100.0,0.2,0.8291618824005127,0.3004,289.7329,1.085,0.7429,0.329,0.5553,0.4019,0.4058,0.402,0.4097,0.4058,0.5023,VarianceParTree,zelnik5_y.zip
6,4,3,50,1000.0,20.0,0.0,0.7002558708190918,0.3004,289.7329,1.085,0.7429,0.329,0.5553,0.4019,0.4058,0.402,0.4097,0.4058,0.5023,VarianceParTree,zelnik5_y.zip
6,4,3,50,1000.0,20.0,0.1,0.8531603813171387,0.3004,289.7329,1.085,0.7429,0.329,0.5553,0.4019,0.4058,0.402,0.4097,0.4058,0.5023,VarianceParTree,zelnik5_y.zip
6,4,3,50,1000.0,20.0,0.2,0.717670202255249,0.3004,289.7329,1.085,0.7429,0.329,0.5553,0.4019,0.4058,0.402,0.4097,0.4058,0.5023,VarianceParTree,zelnik5_y.zip
6,4,3,50,1000.0,inf,0.0,0.7907795906066895,0.3107,3.5768,0.4808,0.2575,0.0008,0.0087,0.0008,0.0122,0.0063,0.2054,0.0122,0.4987,VarianceParTree,zelnik5_y.zip
6,4,3,50,1000.0,inf,0.1,0.913604497909546,0.3107,3.5768,0.4808,0.2575,0.0008,0.0087,0.0008,0.0122,0.0063,0.2054,0.0122,0.4987,VarianceParTree,zelnik5_y.zip
6,4,3,50,1000.0,inf,0.2,0.7940456867218018,0.3107,3.5768,0.4808,0.2575,0.0008,0.0087,0.0008,0.0122,0.0063,0.2054,0.0122,0.4987,VarianceParTree,zelnik5_y.zip
6,4,3,50,100.0,20.0,0.0,0.1873323917388916,0.2306,270.7353,1.3757,0.7675,0.4236,0.7183,0.5431,0.5462,0.52,0.5751,0.5462,0.5854,VarianceParTree,zelnik5_y.zip
6,4,3,50,100.0,20.0,0.1,0.1755518913269043,0.2306,270.7353,1.3757,0.7675,0.4236,0.7183,0.5431,0.5462,0.52,0.5751,0.5462,0.5854,VarianceParTree,zelnik5_y.zip
6,4,3,50,100.0,20.0,0.2,0.1744427680969238,0.2306,270.7353,1.3757,0.7675,0.4236,0.7183,0.5431,0.5462,0.52,0.5751,0.5462,0.5854,VarianceParTree,zelnik5_y.zip
6,4,3,50,inf,100.0,0.0,0.8112030029296875,0.3004,289.7329,1.085,0.7429,0.329,0.5553,0.4019,0.4058,0.402,0.4097,0.4058,0.5023,VarianceParTree,zelnik5_y.zip
6,4,3,50,inf,100.0,0.1,0.6674244403839111,0.3004,289.7329,1.085,0.7429,0.329,0.5553,0.4019,0.4058,0.402,0.4097,0.4058,0.5023,VarianceParTree,zelnik5_y.zip
6,4,3,50,inf,100.0,0.2,0.6734781265258789,0.3004,289.7329,1.085,0.7429,0.329,0.5553,0.4019,0.4058,0.402,0.4097,0.4058,0.5023,VarianceParTree,zelnik5_y.zip
6,4,3,50,inf,20.0,0.0,0.8315770626068115,0.3004,289.7329,1.085,0.7429,0.329,0.5553,0.4019,0.4058,0.402,0.4097,0.4058,0.5023,VarianceParTree,zelnik5_y.zip
6,4,3,50,inf,20.0,0.1,0.6956377029418945,0.3004,289.7329,1.085,0.7429,0.329,0.5553,0.4019,0.4058,0.402,0.4097,0.4058,0.5023,VarianceParTree,zelnik5_y.zip
6,4,3,50,inf,20.0,0.2,0.6953837871551514,0.3004,289.7329,1.085,0.7429,0.329,0.5553,0.4019,0.4058,0.402,0.4097,0.4058,0.5023,VarianceParTree,zelnik5_y.zip
6,4,3,50,inf,inf,0.0,0.8782105445861816,0.3107,3.5768,0.4808,0.2575,0.0008,0.0087,0.0008,0.0122,0.0063,0.2054,0.0122,0.4987,VarianceParTree,zelnik5_y.zip
6,4,3,50,inf,inf,0.1,0.776780366897583,0.3107,3.5768,0.4808,0.2575,0.0008,0.0087,0.0008,0.0122,0.0063,0.2054,0.0122,0.4987,VarianceParTree,zelnik5_y.zip
6,4,3,50,inf,inf,0.2,0.7913107872009277,0.3107,3.5768,0.4808,0.2575,0.0008,0.0087,0.0008,0.0122,0.0063,0.2054,0.0122,0.4987,VarianceParTree,zelnik5_y.zip
6,4,3,5,1000.0,100.0,0.0,0.7025182247161865,0.3004,289.7329,1.085,0.7429,0.329,0.5553,0.4019,0.4058,0.402,0.4097,0.4058,0.5023,VarianceParTree,zelnik5_y.zip
6,4,3,5,1000.0,100.0,0.1,0.7609820365905762,0.3004,289.7329,1.085,0.7429,0.329,0.5553,0.4019,0.4058,0.402,0.4097,0.4058,0.5023,VarianceParTree,zelnik5_y.zip
6,4,3,5,1000.0,100.0,0.2,0.6739778518676758,0.3004,289.7329,1.085,0.7429,0.329,0.5553,0.4019,0.4058,0.402,0.4097,0.4058,0.5023,VarianceParTree,zelnik5_y.zip
6,4,3,5,1000.0,20.0,0.0,0.7547342777252197,0.3004,289.7329,1.085,0.7429,0.329,0.5553,0.4019,0.4058,0.402,0.4097,0.4058,0.5023,VarianceParTree,zelnik5_y.zip
6,4,3,5,1000.0,20.0,0.1,0.7098281383514404,0.3004,289.7329,1.085,0.7429,0.329,0.5553,0.4019,0.4058,0.402,0.4097,0.4058,0.5023,VarianceParTree,zelnik5_y.zip
6,4,3,5,1000.0,20.0,0.2,0.7609517574310303,0.3004,289.7329,1.085,0.7429,0.329,0.5553,0.4019,0.4058,0.402,0.4097,0.4058,0.5023,VarianceParTree,zelnik5_y.zip
6,4,3,5,1000.0,inf,0.0,0.7912843227386475,0.3107,3.5768,0.4808,0.2575,0.0008,0.0087,0.0008,0.0122,0.0063,0.2054,0.0122,0.4987,VarianceParTree,zelnik5_y.zip
6,4,3,5,1000.0,inf,0.1,0.7711079120635986,0.3107,3.5768,0.4808,0.2575,0.0008,0.0087,0.0008,0.0122,0.0063,0.2054,0.0122,0.4987,VarianceParTree,zelnik5_y.zip
6,4,3,5,1000.0,inf,0.2,0.7571868896484375,0.3107,3.5768,0.4808,0.2575,0.0008,0.0087,0.0008,0.0122,0.0063,0.2054,0.0122,0.4987,VarianceParTree,zelnik5_y.zip
6,4,3,5,100.0,20.0,0.0,0.2279229164123535,0.2306,270.7353,1.3757,0.7675,0.4236,0.7183,0.5431,0.5462,0.52,0.5751,0.5462,0.5854,VarianceParTree,zelnik5_y.zip
6,4,3,5,100.0,20.0,0.1,0.1648252010345459,0.2306,270.7353,1.3757,0.7675,0.4236,0.7183,0.5431,0.5462,0.52,0.5751,0.5462,0.5854,VarianceParTree,zelnik5_y.zip
6,4,3,5,100.0,20.0,0.2,0.1745543479919433,0.2306,270.7353,1.3757,0.7675,0.4236,0.7183,0.5431,0.5462,0.52,0.5751,0.5462,0.5854,VarianceParTree,zelnik5_y.zip
6,4,3,5,inf,100.0,0.0,0.7278439998626709,0.3004,289.7329,1.085,0.7429,0.329,0.5553,0.4019,0.4058,0.402,0.4097,0.4058,0.5023,VarianceParTree,zelnik5_y.zip
6,4,3,5,inf,100.0,0.1,0.717015266418457,0.3004,289.7329,1.085,0.7429,0.329,0.5553,0.4019,0.4058,0.402,0.4097,0.4058,0.5023,VarianceParTree,zelnik5_y.zip
6,4,3,5,inf,100.0,0.2,0.8723976612091064,0.3004,289.7329,1.085,0.7429,0.329,0.5553,0.4019,0.4058,0.402,0.4097,0.4058,0.5023,VarianceParTree,zelnik5_y.zip
6,4,3,5,inf,20.0,0.0,0.7207324504852295,0.3004,289.7329,1.085,0.7429,0.329,0.5553,0.4019,0.4058,0.402,0.4097,0.4058,0.5023,VarianceParTree,zelnik5_y.zip
6,4,3,5,inf,20.0,0.1,0.7072269916534424,0.3004,289.7329,1.085,0.7429,0.329,0.5553,0.4019,0.4058,0.402,0.4097,0.4058,0.5023,VarianceParTree,zelnik5_y.zip
6,4,3,5,inf,20.0,0.2,0.8457779884338379,0.3004,289.7329,1.085,0.7429,0.329,0.5553,0.4019,0.4058,0.402,0.4097,0.4058,0.5023,VarianceParTree,zelnik5_y.zip
6,4,3,5,inf,inf,0.0,0.780876636505127,0.3107,3.5768,0.4808,0.2575,0.0008,0.0087,0.0008,0.0122,0.0063,0.2054,0.0122,0.4987,VarianceParTree,zelnik5_y.zip
6,4,3,5,inf,inf,0.1,0.7882094383239746,0.3107,3.5768,0.4808,0.2575,0.0008,0.0087,0.0008,0.0122,0.0063,0.2054,0.0122,0.4987,VarianceParTree,zelnik5_y.zip
6,4,3,5,inf,inf,0.2,0.9290289878845216,0.3107,3.5768,0.4808,0.2575,0.0008,0.0087,0.0008,0.0122,0.0063,0.2054,0.0122,0.4987,VarianceParTree,zelnik5_y.zip
6,6,30,50,1000.0,100.0,0.0,1.0847554206848145,0.1897,245.5155,1.2806,0.7441,0.2642,0.6039,0.3903,0.3964,0.4372,0.3626,0.3964,0.4289,VarianceParTree,zelnik5_y.zip
6,6,30,50,1000.0,100.0,0.1,1.2450296878814695,0.1897,245.5155,1.2806,0.7441,0.2642,0.6039,0.3903,0.3964,0.4372,0.3626,0.3964,0.4289,VarianceParTree,zelnik5_y.zip
6,6,30,50,1000.0,100.0,0.2,1.0949409008026123,0.1897,245.5155,1.2806,0.7441,0.2642,0.6039,0.3903,0.3964,0.4372,0.3626,0.3964,0.4289,VarianceParTree,zelnik5_y.zip
6,6,30,50,1000.0,20.0,0.0,1.2154765129089355,0.1897,245.5155,1.2806,0.7441,0.2642,0.6039,0.3903,0.3964,0.4372,0.3626,0.3964,0.4289,VarianceParTree,zelnik5_y.zip
6,6,30,50,1000.0,20.0,0.1,1.0982637405395508,0.1897,245.5155,1.2806,0.7441,0.2642,0.6039,0.3903,0.3964,0.4372,0.3626,0.3964,0.4289,VarianceParTree,zelnik5_y.zip
6,6,30,50,1000.0,20.0,0.2,1.2337212562561035,0.1897,245.5155,1.2806,0.7441,0.2642,0.6039,0.3903,0.3964,0.4372,0.3626,0.3964,0.4289,VarianceParTree,zelnik5_y.zip
6,6,30,50,1000.0,inf,0.0,1.280921459197998,0.3047,3.5878,0.4805,0.2618,0.0014,0.0146,0.0015,0.0201,0.0106,0.2064,0.0201,0.4972,VarianceParTree,zelnik5_y.zip
6,6,30,50,1000.0,inf,0.1,1.4436087608337402,0.3047,3.5878,0.4805,0.2618,0.0014,0.0146,0.0015,0.0201,0.0106,0.2064,0.0201,0.4972,VarianceParTree,zelnik5_y.zip
6,6,30,50,1000.0,inf,0.2,1.269970417022705,0.3047,3.5878,0.4805,0.2618,0.0014,0.0146,0.0015,0.0201,0.0106,0.2064,0.0201,0.4972,VarianceParTree,zelnik5_y.zip
6,6,30,50,100.0,20.0,0.0,0.24159836769104,0.1873,239.6841,1.4755,0.7749,0.383,0.7566,0.5071,0.5122,0.5477,0.481,0.5122,0.5311,VarianceParTree,zelnik5_y.zip
6,6,30,50,100.0,20.0,0.1,0.2530851364135742,0.1873,239.6841,1.4755,0.7749,0.383,0.7566,0.5071,0.5122,0.5477,0.481,0.5122,0.5311,VarianceParTree,zelnik5_y.zip
6,6,30,50,100.0,20.0,0.2,0.2484941482543945,0.1873,239.6841,1.4755,0.7749,0.383,0.7566,0.5071,0.5122,0.5477,0.481,0.5122,0.5311,VarianceParTree,zelnik5_y.zip
6,6,30,50,inf,100.0,0.0,1.2172744274139404,0.1897,245.5155,1.2806,0.7441,0.2642,0.6039,0.3903,0.3964,0.4372,0.3626,0.3964,0.4289,VarianceParTree,zelnik5_y.zip
6,6,30,50,inf,100.0,0.1,1.0651953220367432,0.1897,245.5155,1.2806,0.7441,0.2642,0.6039,0.3903,0.3964,0.4372,0.3626,0.3964,0.4289,VarianceParTree,zelnik5_y.zip
6,6,30,50,inf,100.0,0.2,1.2229158878326416,0.1897,245.5155,1.2806,0.7441,0.2642,0.6039,0.3903,0.3964,0.4372,0.3626,0.3964,0.4289,VarianceParTree,zelnik5_y.zip
6,6,30,50,inf,20.0,0.0,1.0935494899749756,0.1897,245.5155,1.2806,0.7441,0.2642,0.6039,0.3903,0.3964,0.4372,0.3626,0.3964,0.4289,VarianceParTree,zelnik5_y.zip
6,6,30,50,inf,20.0,0.1,1.2214570045471191,0.1897,245.5155,1.2806,0.7441,0.2642,0.6039,0.3903,0.3964,0.4372,0.3626,0.3964,0.4289,VarianceParTree,zelnik5_y.zip
6,6,30,50,inf,20.0,0.2,1.089729070663452,0.1897,245.5155,1.2806,0.7441,0.2642,0.6039,0.3903,0.3964,0.4372,0.3626,0.3964,0.4289,VarianceParTree,zelnik5_y.zip
6,6,30,50,inf,inf,0.0,1.394681692123413,0.3047,3.5878,0.4805,0.2618,0.0014,0.0146,0.0015,0.0201,0.0106,0.2064,0.0201,0.4972,VarianceParTree,zelnik5_y.zip
6,6,30,50,inf,inf,0.1,1.2791306972503662,0.3047,3.5878,0.4805,0.2618,0.0014,0.0146,0.0015,0.0201,0.0106,0.2064,0.0201,0.4972,VarianceParTree,zelnik5_y.zip
6,6,30,50,inf,inf,0.2,1.4394915103912354,0.3047,3.5878,0.4805,0.2618,0.0014,0.0146,0.0015,0.0201,0.0106,0.2064,0.0201,0.4972,VarianceParTree,zelnik5_y.zip
6,6,30,5,1000.0,100.0,0.0,1.0785439014434814,0.1897,245.5155,1.2806,0.7441,0.2642,0.6039,0.3903,0.3964,0.4372,0.3626,0.3964,0.4289,VarianceParTree,zelnik5_y.zip
6,6,30,5,1000.0,100.0,0.1,1.222581386566162,0.1897,245.5155,1.2806,0.7441,0.2642,0.6039,0.3903,0.3964,0.4372,0.3626,0.3964,0.4289,VarianceParTree,zelnik5_y.zip
6,6,30,5,1000.0,100.0,0.2,1.0596444606781006,0.1897,245.5155,1.2806,0.7441,0.2642,0.6039,0.3903,0.3964,0.4372,0.3626,0.3964,0.4289,VarianceParTree,zelnik5_y.zip
6,6,30,5,1000.0,20.0,0.0,1.2083337306976318,0.1897,245.5155,1.2806,0.7441,0.2642,0.6039,0.3903,0.3964,0.4372,0.3626,0.3964,0.4289,VarianceParTree,zelnik5_y.zip
6,6,30,5,1000.0,20.0,0.1,1.075603723526001,0.1897,245.5155,1.2806,0.7441,0.2642,0.6039,0.3903,0.3964,0.4372,0.3626,0.3964,0.4289,VarianceParTree,zelnik5_y.zip
6,6,30,5,1000.0,20.0,0.2,1.2355444431304932,0.1897,245.5155,1.2806,0.7441,0.2642,0.6039,0.3903,0.3964,0.4372,0.3626,0.3964,0.4289,VarianceParTree,zelnik5_y.zip
6,6,30,5,1000.0,inf,0.0,1.3011236190795898,0.3047,3.5878,0.4805,0.2618,0.0014,0.0146,0.0015,0.0201,0.0106,0.2064,0.0201,0.4972,VarianceParTree,zelnik5_y.zip
6,6,30,5,1000.0,inf,0.1,1.418677568435669,0.3047,3.5878,0.4805,0.2618,0.0014,0.0146,0.0015,0.0201,0.0106,0.2064,0.0201,0.4972,VarianceParTree,zelnik5_y.zip
6,6,30,5,1000.0,inf,0.2,1.3173749446868896,0.3047,3.5878,0.4805,0.2618,0.0014,0.0146,0.0015,0.0201,0.0106,0.2064,0.0201,0.4972,VarianceParTree,zelnik5_y.zip
6,6,30,5,100.0,20.0,0.0,0.2622911930084228,0.1873,239.6841,1.4755,0.7749,0.383,0.7566,0.5071,0.5122,0.5477,0.481,0.5122,0.5311,VarianceParTree,zelnik5_y.zip
6,6,30,5,100.0,20.0,0.1,0.2441942691802978,0.1873,239.6841,1.4755,0.7749,0.383,0.7566,0.5071,0.5122,0.5477,0.481,0.5122,0.5311,VarianceParTree,zelnik5_y.zip
6,6,30,5,100.0,20.0,0.2,0.2684974670410156,0.1873,239.6841,1.4755,0.7749,0.383,0.7566,0.5071,0.5122,0.5477,0.481,0.5122,0.5311,VarianceParTree,zelnik5_y.zip
6,6,30,5,inf,100.0,0.0,1.2084009647369385,0.1897,245.5155,1.2806,0.7441,0.2642,0.6039,0.3903,0.3964,0.4372,0.3626,0.3964,0.4289,VarianceParTree,zelnik5_y.zip
6,6,30,5,inf,100.0,0.1,1.0833733081817627,0.1897,245.5155,1.2806,0.7441,0.2642,0.6039,0.3903,0.3964,0.4372,0.3626,0.3964,0.4289,VarianceParTree,zelnik5_y.zip
6,6,30,5,inf,100.0,0.2,1.1975948810577393,0.1897,245.5155,1.2806,0.7441,0.2642,0.6039,0.3903,0.3964,0.4372,0.3626,0.3964,0.4289,VarianceParTree,zelnik5_y.zip
6,6,30,5,inf,20.0,0.0,1.0857341289520264,0.1897,245.5155,1.2806,0.7441,0.2642,0.6039,0.3903,0.3964,0.4372,0.3626,0.3964,0.4289,VarianceParTree,zelnik5_y.zip
6,6,30,5,inf,20.0,0.1,1.2052063941955566,0.1897,245.5155,1.2806,0.7441,0.2642,0.6039,0.3903,0.3964,0.4372,0.3626,0.3964,0.4289,VarianceParTree,zelnik5_y.zip
6,6,30,5,inf,20.0,0.2,1.0882909297943115,0.1897,245.5155,1.2806,0.7441,0.2642,0.6039,0.3903,0.3964,0.4372,0.3626,0.3964,0.4289,VarianceParTree,zelnik5_y.zip
6,6,30,5,inf,inf,0.0,1.4005436897277832,0.3047,3.5878,0.4805,0.2618,0.0014,0.0146,0.0015,0.0201,0.0106,0.2064,0.0201,0.4972,VarianceParTree,zelnik5_y.zip
6,6,30,5,inf,inf,0.1,1.2731168270111084,0.3047,3.5878,0.4805,0.2618,0.0014,0.0146,0.0015,0.0201,0.0106,0.2064,0.0201,0.4972,VarianceParTree,zelnik5_y.zip
6,6,30,5,inf,inf,0.2,1.432042360305786,0.3047,3.5878,0.4805,0.2618,0.0014,0.0146,0.0015,0.0201,0.0106,0.2064,0.0201,0.4972,VarianceParTree,zelnik5_y.zip
6,6,3,50,1000.0,100.0,0.0,1.0928146839141846,0.1897,245.5155,1.2806,0.7441,0.2642,0.6039,0.3903,0.3964,0.4372,0.3626,0.3964,0.4289,VarianceParTree,zelnik5_y.zip
6,6,3,50,1000.0,100.0,0.1,1.2081449031829834,0.1897,245.5155,1.2806,0.7441,0.2642,0.6039,0.3903,0.3964,0.4372,0.3626,0.3964,0.4289,VarianceParTree,zelnik5_y.zip
6,6,3,50,1000.0,100.0,0.2,1.0841412544250488,0.1897,245.5155,1.2806,0.7441,0.2642,0.6039,0.3903,0.3964,0.4372,0.3626,0.3964,0.4289,VarianceParTree,zelnik5_y.zip
6,6,3,50,1000.0,20.0,0.0,1.207414150238037,0.1897,245.5155,1.2806,0.7441,0.2642,0.6039,0.3903,0.3964,0.4372,0.3626,0.3964,0.4289,VarianceParTree,zelnik5_y.zip
6,6,3,50,1000.0,20.0,0.1,1.0650980472564695,0.1897,245.5155,1.2806,0.7441,0.2642,0.6039,0.3903,0.3964,0.4372,0.3626,0.3964,0.4289,VarianceParTree,zelnik5_y.zip
6,6,3,50,1000.0,20.0,0.2,1.2083868980407717,0.1897,245.5155,1.2806,0.7441,0.2642,0.6039,0.3903,0.3964,0.4372,0.3626,0.3964,0.4289,VarianceParTree,zelnik5_y.zip
6,6,3,50,1000.0,inf,0.0,1.317803144454956,0.3047,3.5878,0.4805,0.2618,0.0014,0.0146,0.0015,0.0201,0.0106,0.2064,0.0201,0.4972,VarianceParTree,zelnik5_y.zip
6,6,3,50,1000.0,inf,0.1,1.415092706680298,0.3047,3.5878,0.4805,0.2618,0.0014,0.0146,0.0015,0.0201,0.0106,0.2064,0.0201,0.4972,VarianceParTree,zelnik5_y.zip
6,6,3,50,1000.0,inf,0.2,1.25921630859375,0.3047,3.5878,0.4805,0.2618,0.0014,0.0146,0.0015,0.0201,0.0106,0.2064,0.0201,0.4972,VarianceParTree,zelnik5_y.zip
6,6,3,50,100.0,20.0,0.0,0.2558286190032959,0.1873,239.6841,1.4755,0.7749,0.383,0.7566,0.5071,0.5122,0.5477,0.481,0.5122,0.5311,VarianceParTree,zelnik5_y.zip
6,6,3,50,100.0,20.0,0.1,0.2502908706665039,0.1873,239.6841,1.4755,0.7749,0.383,0.7566,0.5071,0.5122,0.5477,0.481,0.5122,0.5311,VarianceParTree,zelnik5_y.zip
6,6,3,50,100.0,20.0,0.2,0.2619447708129883,0.1873,239.6841,1.4755,0.7749,0.383,0.7566,0.5071,0.5122,0.5477,0.481,0.5122,0.5311,VarianceParTree,zelnik5_y.zip
6,6,3,50,inf,100.0,0.0,1.2138915061950684,0.1897,245.5155,1.2806,0.7441,0.2642,0.6039,0.3903,0.3964,0.4372,0.3626,0.3964,0.4289,VarianceParTree,zelnik5_y.zip
6,6,3,50,inf,100.0,0.1,1.1137781143188477,0.1897,245.5155,1.2806,0.7441,0.2642,0.6039,0.3903,0.3964,0.4372,0.3626,0.3964,0.4289,VarianceParTree,zelnik5_y.zip
6,6,3,50,inf,100.0,0.2,1.195624828338623,0.1897,245.5155,1.2806,0.7441,0.2642,0.6039,0.3903,0.3964,0.4372,0.3626,0.3964,0.4289,VarianceParTree,zelnik5_y.zip
6,6,3,50,inf,20.0,0.0,1.0953304767608645,0.1897,245.5155,1.2806,0.7441,0.2642,0.6039,0.3903,0.3964,0.4372,0.3626,0.3964,0.4289,VarianceParTree,zelnik5_y.zip
6,6,3,50,inf,20.0,0.1,1.1866486072540283,0.1897,245.5155,1.2806,0.7441,0.2642,0.6039,0.3903,0.3964,0.4372,0.3626,0.3964,0.4289,VarianceParTree,zelnik5_y.zip
6,6,3,50,inf,20.0,0.2,1.0717055797576904,0.1897,245.5155,1.2806,0.7441,0.2642,0.6039,0.3903,0.3964,0.4372,0.3626,0.3964,0.4289,VarianceParTree,zelnik5_y.zip
6,6,3,50,inf,inf,0.0,1.4084081649780271,0.3047,3.5878,0.4805,0.2618,0.0014,0.0146,0.0015,0.0201,0.0106,0.2064,0.0201,0.4972,VarianceParTree,zelnik5_y.zip
6,6,3,50,inf,inf,0.1,1.2938742637634275,0.3047,3.5878,0.4805,0.2618,0.0014,0.0146,0.0015,0.0201,0.0106,0.2064,0.0201,0.4972,VarianceParTree,zelnik5_y.zip
6,6,3,50,inf,inf,0.2,1.4107730388641355,0.3047,3.5878,0.4805,0.2618,0.0014,0.0146,0.0015,0.0201,0.0106,0.2064,0.0201,0.4972,VarianceParTree,zelnik5_y.zip
6,6,3,5,1000.0,100.0,0.0,1.1277878284454346,0.1897,245.5155,1.2806,0.7441,0.2642,0.6039,0.3903,0.3964,0.4372,0.3626,0.3964,0.4289,VarianceParTree,zelnik5_y.zip
6,6,3,5,1000.0,100.0,0.1,1.1296515464782717,0.1897,245.5155,1.2806,0.7441,0.2642,0.6039,0.3903,0.3964,0.4372,0.3626,0.3964,0.4289,VarianceParTree,zelnik5_y.zip
6,6,3,5,1000.0,100.0,0.2,1.147475242614746,0.1897,245.5155,1.2806,0.7441,0.2642,0.6039,0.3903,0.3964,0.4372,0.3626,0.3964,0.4289,VarianceParTree,zelnik5_y.zip
6,6,3,5,1000.0,20.0,0.0,1.1327505111694336,0.1897,245.5155,1.2806,0.7441,0.2642,0.6039,0.3903,0.3964,0.4372,0.3626,0.3964,0.4289,VarianceParTree,zelnik5_y.zip
6,6,3,5,1000.0,20.0,0.1,1.0901966094970703,0.1897,245.5155,1.2806,0.7441,0.2642,0.6039,0.3903,0.3964,0.4372,0.3626,0.3964,0.4289,VarianceParTree,zelnik5_y.zip
6,6,3,5,1000.0,20.0,0.2,1.1169753074645996,0.1897,245.5155,1.2806,0.7441,0.2642,0.6039,0.3903,0.3964,0.4372,0.3626,0.3964,0.4289,VarianceParTree,zelnik5_y.zip
6,6,3,5,1000.0,inf,0.0,1.3112003803253174,0.3047,3.5878,0.4805,0.2618,0.0014,0.0146,0.0015,0.0201,0.0106,0.2064,0.0201,0.4972,VarianceParTree,zelnik5_y.zip
6,6,3,5,1000.0,inf,0.1,1.4211854934692385,0.3047,3.5878,0.4805,0.2618,0.0014,0.0146,0.0015,0.0201,0.0106,0.2064,0.0201,0.4972,VarianceParTree,zelnik5_y.zip
6,6,3,5,1000.0,inf,0.2,1.3101191520690918,0.3047,3.5878,0.4805,0.2618,0.0014,0.0146,0.0015,0.0201,0.0106,0.2064,0.0201,0.4972,VarianceParTree,zelnik5_y.zip
6,6,3,5,100.0,20.0,0.0,0.2533285617828369,0.1873,239.6841,1.4755,0.7749,0.383,0.7566,0.5071,0.5122,0.5477,0.481,0.5122,0.5311,VarianceParTree,zelnik5_y.zip
6,6,3,5,100.0,20.0,0.1,0.2563304901123047,0.1873,239.6841,1.4755,0.7749,0.383,0.7566,0.5071,0.5122,0.5477,0.481,0.5122,0.5311,VarianceParTree,zelnik5_y.zip
6,6,3,5,100.0,20.0,0.2,0.2560570240020752,0.1873,239.6841,1.4755,0.7749,0.383,0.7566,0.5071,0.5122,0.5477,0.481,0.5122,0.5311,VarianceParTree,zelnik5_y.zip
6,6,3,5,inf,100.0,0.0,1.2021563053131104,0.1897,245.5155,1.2806,0.7441,0.2642,0.6039,0.3903,0.3964,0.4372,0.3626,0.3964,0.4289,VarianceParTree,zelnik5_y.zip
6,6,3,5,inf,100.0,0.1,1.103849172592163,0.1897,245.5155,1.2806,0.7441,0.2642,0.6039,0.3903,0.3964,0.4372,0.3626,0.3964,0.4289,VarianceParTree,zelnik5_y.zip
6,6,3,5,inf,100.0,0.2,1.205873966217041,0.1897,245.5155,1.2806,0.7441,0.2642,0.6039,0.3903,0.3964,0.4372,0.3626,0.3964,0.4289,VarianceParTree,zelnik5_y.zip
6,6,3,5,inf,20.0,0.0,1.0880050659179688,0.1897,245.5155,1.2806,0.7441,0.2642,0.6039,0.3903,0.3964,0.4372,0.3626,0.3964,0.4289,VarianceParTree,zelnik5_y.zip
6,6,3,5,inf,20.0,0.1,1.2074265480041504,0.1897,245.5155,1.2806,0.7441,0.2642,0.6039,0.3903,0.3964,0.4372,0.3626,0.3964,0.4289,VarianceParTree,zelnik5_y.zip
6,6,3,5,inf,20.0,0.2,1.0755128860473633,0.1897,245.5155,1.2806,0.7441,0.2642,0.6039,0.3903,0.3964,0.4372,0.3626,0.3964,0.4289,VarianceParTree,zelnik5_y.zip
6,6,3,5,inf,inf,0.0,1.423694133758545,0.3047,3.5878,0.4805,0.2618,0.0014,0.0146,0.0015,0.0201,0.0106,0.2064,0.0201,0.4972,VarianceParTree,zelnik5_y.zip
6,6,3,5,inf,inf,0.1,1.3137750625610352,0.3047,3.5878,0.4805,0.2618,0.0014,0.0146,0.0015,0.0201,0.0106,0.2064,0.0201,0.4972,VarianceParTree,zelnik5_y.zip
6,6,3,5,inf,inf,0.2,1.419309139251709,0.3047,3.5878,0.4805,0.2618,0.0014,0.0146,0.0015,0.0201,0.0106,0.2064,0.0201,0.4972,VarianceParTree,zelnik5_y.zip
6,8,30,50,1000.0,100.0,0.0,1.560624122619629,0.2549,310.8254,1.8357,0.7827,0.3388,0.862,0.5154,0.5217,0.6241,0.4482,0.5217,0.4792,VarianceParTree,zelnik5_y.zip
6,8,30,50,1000.0,100.0,0.1,1.5843348503112793,0.2549,310.8254,1.8357,0.7827,0.3388,0.862,0.5154,0.5217,0.6241,0.4482,0.5217,0.4792,VarianceParTree,zelnik5_y.zip
6,8,30,50,1000.0,100.0,0.2,1.4293551445007324,0.2549,310.8254,1.8357,0.7827,0.3388,0.862,0.5154,0.5217,0.6241,0.4482,0.5217,0.4792,VarianceParTree,zelnik5_y.zip
6,8,30,50,1000.0,20.0,0.0,1.6163628101348877,0.2549,310.8254,1.8357,0.7827,0.3388,0.862,0.5154,0.5217,0.6241,0.4482,0.5217,0.4792,VarianceParTree,zelnik5_y.zip
6,8,30,50,1000.0,20.0,0.1,1.561371088027954,0.2549,310.8254,1.8357,0.7827,0.3388,0.862,0.5154,0.5217,0.6241,0.4482,0.5217,0.4792,VarianceParTree,zelnik5_y.zip
6,8,30,50,1000.0,20.0,0.2,1.43468976020813,0.2549,310.8254,1.8357,0.7827,0.3388,0.862,0.5154,0.5217,0.6241,0.4482,0.5217,0.4792,VarianceParTree,zelnik5_y.zip
6,8,30,50,1000.0,inf,0.0,1.5516133308410645,0.3013,3.571,0.4814,0.264,0.0018,0.0175,0.0018,0.0239,0.0127,0.2069,0.0239,0.4965,VarianceParTree,zelnik5_y.zip
6,8,30,50,1000.0,inf,0.1,1.698922634124756,0.3013,3.571,0.4814,0.264,0.0018,0.0175,0.0018,0.0239,0.0127,0.2069,0.0239,0.4965,VarianceParTree,zelnik5_y.zip
6,8,30,50,1000.0,inf,0.2,1.5777161121368408,0.3013,3.571,0.4814,0.264,0.0018,0.0175,0.0018,0.0239,0.0127,0.2069,0.0239,0.4965,VarianceParTree,zelnik5_y.zip
6,8,30,50,100.0,20.0,0.0,0.3191077709197998,0.2718,333.4553,2.0185,0.7934,0.3653,0.9335,0.5544,0.5601,0.6758,0.4782,0.5601,0.5006,VarianceParTree,zelnik5_y.zip
6,8,30,50,100.0,20.0,0.1,0.3309371471405029,0.2718,333.4553,2.0185,0.7934,0.3653,0.9335,0.5544,0.5601,0.6758,0.4782,0.5601,0.5006,VarianceParTree,zelnik5_y.zip
6,8,30,50,100.0,20.0,0.2,0.4575114250183105,0.2718,333.4553,2.0185,0.7934,0.3653,0.9335,0.5544,0.5601,0.6758,0.4782,0.5601,0.5006,VarianceParTree,zelnik5_y.zip
6,8,30,50,inf,100.0,0.0,1.4422059059143066,0.2549,310.8254,1.8357,0.7827,0.3388,0.862,0.5154,0.5217,0.6241,0.4482,0.5217,0.4792,VarianceParTree,zelnik5_y.zip
6,8,30,50,inf,100.0,0.1,1.573474407196045,0.2549,310.8254,1.8357,0.7827,0.3388,0.862,0.5154,0.5217,0.6241,0.4482,0.5217,0.4792,VarianceParTree,zelnik5_y.zip
6,8,30,50,inf,100.0,0.2,1.5725398063659668,0.2549,310.8254,1.8357,0.7827,0.3388,0.862,0.5154,0.5217,0.6241,0.4482,0.5217,0.4792,VarianceParTree,zelnik5_y.zip
6,8,30,50,inf,20.0,0.0,1.568162202835083,0.2549,310.8254,1.8357,0.7827,0.3388,0.862,0.5154,0.5217,0.6241,0.4482,0.5217,0.4792,VarianceParTree,zelnik5_y.zip
6,8,30,50,inf,20.0,0.1,1.563823699951172,0.2549,310.8254,1.8357,0.7827,0.3388,0.862,0.5154,0.5217,0.6241,0.4482,0.5217,0.4792,VarianceParTree,zelnik5_y.zip
6,8,30,50,inf,20.0,0.2,1.5606961250305176,0.2549,310.8254,1.8357,0.7827,0.3388,0.862,0.5154,0.5217,0.6241,0.4482,0.5217,0.4792,VarianceParTree,zelnik5_y.zip
6,8,30,50,inf,inf,0.0,1.5331895351409912,0.3013,3.571,0.4814,0.264,0.0018,0.0175,0.0018,0.0239,0.0127,0.2069,0.0239,0.4965,VarianceParTree,zelnik5_y.zip
6,8,30,50,inf,inf,0.1,1.6797752380371094,0.3013,3.571,0.4814,0.264,0.0018,0.0175,0.0018,0.0239,0.0127,0.2069,0.0239,0.4965,VarianceParTree,zelnik5_y.zip
6,8,30,50,inf,inf,0.2,1.5300817489624023,0.3013,3.571,0.4814,0.264,0.0018,0.0175,0.0018,0.0239,0.0127,0.2069,0.0239,0.4965,VarianceParTree,zelnik5_y.zip
6,8,30,5,1000.0,100.0,0.0,1.4098057746887207,0.2549,310.8254,1.8357,0.7827,0.3388,0.862,0.5154,0.5217,0.6241,0.4482,0.5217,0.4792,VarianceParTree,zelnik5_y.zip
6,8,30,5,1000.0,100.0,0.1,1.5610778331756592,0.2549,310.8254,1.8357,0.7827,0.3388,0.862,0.5154,0.5217,0.6241,0.4482,0.5217,0.4792,VarianceParTree,zelnik5_y.zip
6,8,30,5,1000.0,100.0,0.2,1.431673288345337,0.2549,310.8254,1.8357,0.7827,0.3388,0.862,0.5154,0.5217,0.6241,0.4482,0.5217,0.4792,VarianceParTree,zelnik5_y.zip
6,8,30,5,1000.0,20.0,0.0,1.5796751976013184,0.2549,310.8254,1.8357,0.7827,0.3388,0.862,0.5154,0.5217,0.6241,0.4482,0.5217,0.4792,VarianceParTree,zelnik5_y.zip
6,8,30,5,1000.0,20.0,0.1,1.5758535861968994,0.2549,310.8254,1.8357,0.7827,0.3388,0.862,0.5154,0.5217,0.6241,0.4482,0.5217,0.4792,VarianceParTree,zelnik5_y.zip
6,8,30,5,1000.0,20.0,0.2,1.5661702156066897,0.2549,310.8254,1.8357,0.7827,0.3388,0.862,0.5154,0.5217,0.6241,0.4482,0.5217,0.4792,VarianceParTree,zelnik5_y.zip
6,8,30,5,1000.0,inf,0.0,1.5552091598510742,0.3013,3.571,0.4814,0.264,0.0018,0.0175,0.0018,0.0239,0.0127,0.2069,0.0239,0.4965,VarianceParTree,zelnik5_y.zip
6,8,30,5,1000.0,inf,0.1,1.650310516357422,0.3013,3.571,0.4814,0.264,0.0018,0.0175,0.0018,0.0239,0.0127,0.2069,0.0239,0.4965,VarianceParTree,zelnik5_y.zip
6,8,30,5,1000.0,inf,0.2,1.5724718570709229,0.3013,3.571,0.4814,0.264,0.0018,0.0175,0.0018,0.0239,0.0127,0.2069,0.0239,0.4965,VarianceParTree,zelnik5_y.zip
6,8,30,5,100.0,20.0,0.0,0.3594348430633545,0.2718,333.4553,2.0185,0.7934,0.3653,0.9335,0.5544,0.5601,0.6758,0.4782,0.5601,0.5006,VarianceParTree,zelnik5_y.zip
6,8,30,5,100.0,20.0,0.1,0.3231058120727539,0.2718,333.4553,2.0185,0.7934,0.3653,0.9335,0.5544,0.5601,0.6758,0.4782,0.5601,0.5006,VarianceParTree,zelnik5_y.zip
6,8,30,5,100.0,20.0,0.2,0.3388087749481201,0.2718,333.4553,2.0185,0.7934,0.3653,0.9335,0.5544,0.5601,0.6758,0.4782,0.5601,0.5006,VarianceParTree,zelnik5_y.zip
6,8,30,5,inf,100.0,0.0,1.4189703464508057,0.2549,310.8254,1.8357,0.7827,0.3388,0.862,0.5154,0.5217,0.6241,0.4482,0.5217,0.4792,VarianceParTree,zelnik5_y.zip
6,8,30,5,inf,100.0,0.1,1.5708014965057373,0.2549,310.8254,1.8357,0.7827,0.3388,0.862,0.5154,0.5217,0.6241,0.4482,0.5217,0.4792,VarianceParTree,zelnik5_y.zip
6,8,30,5,inf,100.0,0.2,1.5718443393707275,0.2549,310.8254,1.8357,0.7827,0.3388,0.862,0.5154,0.5217,0.6241,0.4482,0.5217,0.4792,VarianceParTree,zelnik5_y.zip
6,8,30,5,inf,20.0,0.0,1.4289462566375732,0.2549,310.8254,1.8357,0.7827,0.3388,0.862,0.5154,0.5217,0.6241,0.4482,0.5217,0.4792,VarianceParTree,zelnik5_y.zip
6,8,30,5,inf,20.0,0.1,1.5535781383514404,0.2549,310.8254,1.8357,0.7827,0.3388,0.862,0.5154,0.5217,0.6241,0.4482,0.5217,0.4792,VarianceParTree,zelnik5_y.zip
6,8,30,5,inf,20.0,0.2,1.6114404201507568,0.2549,310.8254,1.8357,0.7827,0.3388,0.862,0.5154,0.5217,0.6241,0.4482,0.5217,0.4792,VarianceParTree,zelnik5_y.zip
6,8,30,5,inf,inf,0.0,1.552886962890625,0.3013,3.571,0.4814,0.264,0.0018,0.0175,0.0018,0.0239,0.0127,0.2069,0.0239,0.4965,VarianceParTree,zelnik5_y.zip
6,8,30,5,inf,inf,0.1,1.653794765472412,0.3013,3.571,0.4814,0.264,0.0018,0.0175,0.0018,0.0239,0.0127,0.2069,0.0239,0.4965,VarianceParTree,zelnik5_y.zip
6,8,30,5,inf,inf,0.2,1.6834309101104736,0.3013,3.571,0.4814,0.264,0.0018,0.0175,0.0018,0.0239,0.0127,0.2069,0.0239,0.4965,VarianceParTree,zelnik5_y.zip
6,8,3,50,1000.0,100.0,0.0,1.4483914375305176,0.2549,310.8254,1.8357,0.7827,0.3388,0.862,0.5154,0.5217,0.6241,0.4482,0.5217,0.4792,VarianceParTree,zelnik5_y.zip
6,8,3,50,1000.0,100.0,0.1,1.5800693035125732,0.2549,310.8254,1.8357,0.7827,0.3388,0.862,0.5154,0.5217,0.6241,0.4482,0.5217,0.4792,VarianceParTree,zelnik5_y.zip
6,8,3,50,1000.0,100.0,0.2,1.585221767425537,0.2549,310.8254,1.8357,0.7827,0.3388,0.862,0.5154,0.5217,0.6241,0.4482,0.5217,0.4792,VarianceParTree,zelnik5_y.zip
6,8,3,50,1000.0,20.0,0.0,1.4563744068145752,0.2549,310.8254,1.8357,0.7827,0.3388,0.862,0.5154,0.5217,0.6241,0.4482,0.5217,0.4792,VarianceParTree,zelnik5_y.zip
6,8,3,50,1000.0,20.0,0.1,1.5894920825958252,0.2549,310.8254,1.8357,0.7827,0.3388,0.862,0.5154,0.5217,0.6241,0.4482,0.5217,0.4792,VarianceParTree,zelnik5_y.zip
6,8,3,50,1000.0,20.0,0.2,1.5889503955841064,0.2549,310.8254,1.8357,0.7827,0.3388,0.862,0.5154,0.5217,0.6241,0.4482,0.5217,0.4792,VarianceParTree,zelnik5_y.zip
6,8,3,50,1000.0,inf,0.0,1.5762059688568115,0.3013,3.571,0.4814,0.264,0.0018,0.0175,0.0018,0.0239,0.0127,0.2069,0.0239,0.4965,VarianceParTree,zelnik5_y.zip
6,8,3,50,1000.0,inf,0.1,1.6596112251281738,0.3013,3.571,0.4814,0.264,0.0018,0.0175,0.0018,0.0239,0.0127,0.2069,0.0239,0.4965,VarianceParTree,zelnik5_y.zip
6,8,3,50,1000.0,inf,0.2,1.693044900894165,0.3013,3.571,0.4814,0.264,0.0018,0.0175,0.0018,0.0239,0.0127,0.2069,0.0239,0.4965,VarianceParTree,zelnik5_y.zip
6,8,3,50,100.0,20.0,0.0,0.3331589698791504,0.2718,333.4553,2.0185,0.7934,0.3653,0.9335,0.5544,0.5601,0.6758,0.4782,0.5601,0.5006,VarianceParTree,zelnik5_y.zip
6,8,3,50,100.0,20.0,0.1,0.357496976852417,0.2718,333.4553,2.0185,0.7934,0.3653,0.9335,0.5544,0.5601,0.6758,0.4782,0.5601,0.5006,VarianceParTree,zelnik5_y.zip
6,8,3,50,100.0,20.0,0.2,0.3504006862640381,0.2718,333.4553,2.0185,0.7934,0.3653,0.9335,0.5544,0.5601,0.6758,0.4782,0.5601,0.5006,VarianceParTree,zelnik5_y.zip
6,8,3,50,inf,100.0,0.0,1.4508821964263916,0.2549,310.8254,1.8357,0.7827,0.3388,0.862,0.5154,0.5217,0.6241,0.4482,0.5217,0.4792,VarianceParTree,zelnik5_y.zip
6,8,3,50,inf,100.0,0.1,1.5635230541229248,0.2549,310.8254,1.8357,0.7827,0.3388,0.862,0.5154,0.5217,0.6241,0.4482,0.5217,0.4792,VarianceParTree,zelnik5_y.zip
6,8,3,50,inf,100.0,0.2,1.5439422130584717,0.2549,310.8254,1.8357,0.7827,0.3388,0.862,0.5154,0.5217,0.6241,0.4482,0.5217,0.4792,VarianceParTree,zelnik5_y.zip
6,8,3,50,inf,20.0,0.0,1.437790870666504,0.2549,310.8254,1.8357,0.7827,0.3388,0.862,0.5154,0.5217,0.6241,0.4482,0.5217,0.4792,VarianceParTree,zelnik5_y.zip
6,8,3,50,inf,20.0,0.1,1.5628576278686523,0.2549,310.8254,1.8357,0.7827,0.3388,0.862,0.5154,0.5217,0.6241,0.4482,0.5217,0.4792,VarianceParTree,zelnik5_y.zip
6,8,3,50,inf,20.0,0.2,1.587217092514038,0.2549,310.8254,1.8357,0.7827,0.3388,0.862,0.5154,0.5217,0.6241,0.4482,0.5217,0.4792,VarianceParTree,zelnik5_y.zip
6,8,3,50,inf,inf,0.0,1.689086675643921,0.3013,3.571,0.4814,0.264,0.0018,0.0175,0.0018,0.0239,0.0127,0.2069,0.0239,0.4965,VarianceParTree,zelnik5_y.zip
6,8,3,50,inf,inf,0.1,1.5347154140472412,0.3013,3.571,0.4814,0.264,0.0018,0.0175,0.0018,0.0239,0.0127,0.2069,0.0239,0.4965,VarianceParTree,zelnik5_y.zip
6,8,3,50,inf,inf,0.2,1.675147294998169,0.3013,3.571,0.4814,0.264,0.0018,0.0175,0.0018,0.0239,0.0127,0.2069,0.0239,0.4965,VarianceParTree,zelnik5_y.zip
6,8,3,5,1000.0,100.0,0.0,1.4940299987792969,0.2549,310.8254,1.8357,0.7827,0.3388,0.862,0.5154,0.5217,0.6241,0.4482,0.5217,0.4792,VarianceParTree,zelnik5_y.zip
6,8,3,5,1000.0,100.0,0.1,1.496321678161621,0.2549,310.8254,1.8357,0.7827,0.3388,0.862,0.5154,0.5217,0.6241,0.4482,0.5217,0.4792,VarianceParTree,zelnik5_y.zip
6,8,3,5,1000.0,100.0,0.2,1.4767842292785645,0.2549,310.8254,1.8357,0.7827,0.3388,0.862,0.5154,0.5217,0.6241,0.4482,0.5217,0.4792,VarianceParTree,zelnik5_y.zip
6,8,3,5,1000.0,20.0,0.0,1.5527305603027344,0.2549,310.8254,1.8357,0.7827,0.3388,0.862,0.5154,0.5217,0.6241,0.4482,0.5217,0.4792,VarianceParTree,zelnik5_y.zip
6,8,3,5,1000.0,20.0,0.1,1.4889826774597168,0.2549,310.8254,1.8357,0.7827,0.3388,0.862,0.5154,0.5217,0.6241,0.4482,0.5217,0.4792,VarianceParTree,zelnik5_y.zip
6,8,3,5,1000.0,20.0,0.2,1.5512027740478516,0.2549,310.8254,1.8357,0.7827,0.3388,0.862,0.5154,0.5217,0.6241,0.4482,0.5217,0.4792,VarianceParTree,zelnik5_y.zip
6,8,3,5,1000.0,inf,0.0,1.677750825881958,0.3013,3.571,0.4814,0.264,0.0018,0.0175,0.0018,0.0239,0.0127,0.2069,0.0239,0.4965,VarianceParTree,zelnik5_y.zip
6,8,3,5,1000.0,inf,0.1,1.5629963874816897,0.3013,3.571,0.4814,0.264,0.0018,0.0175,0.0018,0.0239,0.0127,0.2069,0.0239,0.4965,VarianceParTree,zelnik5_y.zip
6,8,3,5,1000.0,inf,0.2,1.6716079711914062,0.3013,3.571,0.4814,0.264,0.0018,0.0175,0.0018,0.0239,0.0127,0.2069,0.0239,0.4965,VarianceParTree,zelnik5_y.zip
6,8,3,5,100.0,20.0,0.0,0.3905463218688965,0.2718,333.4553,2.0185,0.7934,0.3653,0.9335,0.5544,0.5601,0.6758,0.4782,0.5601,0.5006,VarianceParTree,zelnik5_y.zip
6,8,3,5,100.0,20.0,0.1,0.3310375213623047,0.2718,333.4553,2.0185,0.7934,0.3653,0.9335,0.5544,0.5601,0.6758,0.4782,0.5601,0.5006,VarianceParTree,zelnik5_y.zip
6,8,3,5,100.0,20.0,0.2,0.3358864784240722,0.2718,333.4553,2.0185,0.7934,0.3653,0.9335,0.5544,0.5601,0.6758,0.4782,0.5601,0.5006,VarianceParTree,zelnik5_y.zip
6,8,3,5,inf,100.0,0.0,1.6142799854278564,0.2549,310.8254,1.8357,0.7827,0.3388,0.862,0.5154,0.5217,0.6241,0.4482,0.5217,0.4792,VarianceParTree,zelnik5_y.zip
6,8,3,5,inf,100.0,0.1,1.486175298690796,0.2549,310.8254,1.8357,0.7827,0.3388,0.862,0.5154,0.5217,0.6241,0.4482,0.5217,0.4792,VarianceParTree,zelnik5_y.zip
6,8,3,5,inf,100.0,0.2,1.5643835067749023,0.2549,310.8254,1.8357,0.7827,0.3388,0.862,0.5154,0.5217,0.6241,0.4482,0.5217,0.4792,VarianceParTree,zelnik5_y.zip
6,8,3,5,inf,20.0,0.0,1.574944257736206,0.2549,310.8254,1.8357,0.7827,0.3388,0.862,0.5154,0.5217,0.6241,0.4482,0.5217,0.4792,VarianceParTree,zelnik5_y.zip
6,8,3,5,inf,20.0,0.1,1.457868576049805,0.2549,310.8254,1.8357,0.7827,0.3388,0.862,0.5154,0.5217,0.6241,0.4482,0.5217,0.4792,VarianceParTree,zelnik5_y.zip
6,8,3,5,inf,20.0,0.2,1.5813424587249756,0.2549,310.8254,1.8357,0.7827,0.3388,0.862,0.5154,0.5217,0.6241,0.4482,0.5217,0.4792,VarianceParTree,zelnik5_y.zip
6,8,3,5,inf,inf,0.0,1.6596274375915527,0.3013,3.571,0.4814,0.264,0.0018,0.0175,0.0018,0.0239,0.0127,0.2069,0.0239,0.4965,VarianceParTree,zelnik5_y.zip
6,8,3,5,inf,inf,0.1,1.5341839790344238,0.3013,3.571,0.4814,0.264,0.0018,0.0175,0.0018,0.0239,0.0127,0.2069,0.0239,0.4965,VarianceParTree,zelnik5_y.zip
6,8,3,5,inf,inf,0.2,1.6536216735839844,0.3013,3.571,0.4814,0.264,0.0018,0.0175,0.0018,0.0239,0.0127,0.2069,0.0239,0.4965,VarianceParTree,zelnik5_y.zip
8,10,30,50,1000.0,100.0,0.0,1.9418249130249023,0.2671,333.3253,1.6389,0.7956,0.3582,0.9714,0.5522,0.5593,0.7032,0.4643,0.5593,0.4937,VarianceParTree,zelnik5_y.zip
8,10,30,50,1000.0,100.0,0.1,1.9345707893371584,0.2671,333.3253,1.6389,0.7956,0.3582,0.9714,0.5522,0.5593,0.7032,0.4643,0.5593,0.4937,VarianceParTree,zelnik5_y.zip
8,10,30,50,1000.0,100.0,0.2,1.908754110336304,0.2671,333.3253,1.6389,0.7956,0.3582,0.9714,0.5522,0.5593,0.7032,0.4643,0.5593,0.4937,VarianceParTree,zelnik5_y.zip
8,10,30,50,1000.0,20.0,0.0,1.8954253196716309,0.2671,333.3253,1.6389,0.7956,0.3582,0.9714,0.5522,0.5593,0.7032,0.4643,0.5593,0.4937,VarianceParTree,zelnik5_y.zip
8,10,30,50,1000.0,20.0,0.1,1.926717758178711,0.2671,333.3253,1.6389,0.7956,0.3582,0.9714,0.5522,0.5593,0.7032,0.4643,0.5593,0.4937,VarianceParTree,zelnik5_y.zip
8,10,30,50,1000.0,20.0,0.2,1.9401214122772217,0.2671,333.3253,1.6389,0.7956,0.3582,0.9714,0.5522,0.5593,0.7032,0.4643,0.5593,0.4937,VarianceParTree,zelnik5_y.zip
8,10,30,50,1000.0,inf,0.0,2.220022201538086,0.2904,3.5467,0.4825,0.2684,0.0025,0.0235,0.0026,0.0314,0.017,0.2079,0.0314,0.4951,VarianceParTree,zelnik5_y.zip
8,10,30,50,1000.0,inf,0.1,2.2136709690093994,0.2904,3.5467,0.4825,0.2684,0.0025,0.0235,0.0026,0.0314,0.017,0.2079,0.0314,0.4951,VarianceParTree,zelnik5_y.zip
8,10,30,50,1000.0,inf,0.2,2.0412344932556152,0.2904,3.5467,0.4825,0.2684,0.0025,0.0235,0.0026,0.0314,0.017,0.2079,0.0314,0.4951,VarianceParTree,zelnik5_y.zip
8,10,30,50,100.0,20.0,0.0,0.4103541374206543,0.2973,351.5887,1.6564,0.8105,0.3959,1.0713,0.6013,0.6075,0.7756,0.4993,0.6075,0.5271,VarianceParTree,zelnik5_y.zip
8,10,30,50,100.0,20.0,0.1,0.4145615100860595,0.2973,351.5887,1.6564,0.8105,0.3959,1.0713,0.6013,0.6075,0.7756,0.4993,0.6075,0.5271,VarianceParTree,zelnik5_y.zip
8,10,30,50,100.0,20.0,0.2,0.4165477752685547,0.2973,351.5887,1.6564,0.8105,0.3959,1.0713,0.6013,0.6075,0.7756,0.4993,0.6075,0.5271,VarianceParTree,zelnik5_y.zip
8,10,30,50,inf,100.0,0.0,1.7945635318756104,0.2671,333.3253,1.6389,0.7956,0.3582,0.9714,0.5522,0.5593,0.7032,0.4643,0.5593,0.4937,VarianceParTree,zelnik5_y.zip
8,10,30,50,inf,100.0,0.1,1.912281274795532,0.2671,333.3253,1.6389,0.7956,0.3582,0.9714,0.5522,0.5593,0.7032,0.4643,0.5593,0.4937,VarianceParTree,zelnik5_y.zip
8,10,30,50,inf,100.0,0.2,1.921367883682251,0.2671,333.3253,1.6389,0.7956,0.3582,0.9714,0.5522,0.5593,0.7032,0.4643,0.5593,0.4937,VarianceParTree,zelnik5_y.zip
8,10,30,50,inf,20.0,0.0,1.8885786533355715,0.2671,333.3253,1.6389,0.7956,0.3582,0.9714,0.5522,0.5593,0.7032,0.4643,0.5593,0.4937,VarianceParTree,zelnik5_y.zip
8,10,30,50,inf,20.0,0.1,1.9263548851013184,0.2671,333.3253,1.6389,0.7956,0.3582,0.9714,0.5522,0.5593,0.7032,0.4643,0.5593,0.4937,VarianceParTree,zelnik5_y.zip
8,10,30,50,inf,20.0,0.2,1.9251389503479004,0.2671,333.3253,1.6389,0.7956,0.3582,0.9714,0.5522,0.5593,0.7032,0.4643,0.5593,0.4937,VarianceParTree,zelnik5_y.zip
8,10,30,50,inf,inf,0.0,2.1878256797790527,0.2904,3.5467,0.4825,0.2684,0.0025,0.0235,0.0026,0.0314,0.017,0.2079,0.0314,0.4951,VarianceParTree,zelnik5_y.zip
8,10,30,50,inf,inf,0.1,2.0606672763824463,0.2904,3.5467,0.4825,0.2684,0.0025,0.0235,0.0026,0.0314,0.017,0.2079,0.0314,0.4951,VarianceParTree,zelnik5_y.zip
8,10,30,50,inf,inf,0.2,2.191307306289673,0.2904,3.5467,0.4825,0.2684,0.0025,0.0235,0.0026,0.0314,0.017,0.2079,0.0314,0.4951,VarianceParTree,zelnik5_y.zip
8,10,30,5,1000.0,100.0,0.0,1.921905279159546,0.2671,333.3253,1.6389,0.7956,0.3582,0.9714,0.5522,0.5593,0.7032,0.4643,0.5593,0.4937,VarianceParTree,zelnik5_y.zip
8,10,30,5,1000.0,100.0,0.1,1.9396178722381592,0.2671,333.3253,1.6389,0.7956,0.3582,0.9714,0.5522,0.5593,0.7032,0.4643,0.5593,0.4937,VarianceParTree,zelnik5_y.zip
8,10,30,5,1000.0,100.0,0.2,1.911109209060669,0.2671,333.3253,1.6389,0.7956,0.3582,0.9714,0.5522,0.5593,0.7032,0.4643,0.5593,0.4937,VarianceParTree,zelnik5_y.zip
8,10,30,5,1000.0,20.0,0.0,1.9089157581329343,0.2671,333.3253,1.6389,0.7956,0.3582,0.9714,0.5522,0.5593,0.7032,0.4643,0.5593,0.4937,VarianceParTree,zelnik5_y.zip
8,10,30,5,1000.0,20.0,0.1,1.9182348251342771,0.2671,333.3253,1.6389,0.7956,0.3582,0.9714,0.5522,0.5593,0.7032,0.4643,0.5593,0.4937,VarianceParTree,zelnik5_y.zip
8,10,30,5,1000.0,20.0,0.2,1.9148881435394287,0.2671,333.3253,1.6389,0.7956,0.3582,0.9714,0.5522,0.5593,0.7032,0.4643,0.5593,0.4937,VarianceParTree,zelnik5_y.zip
8,10,30,5,1000.0,inf,0.0,2.1889219284057617,0.2904,3.5467,0.4825,0.2684,0.0025,0.0235,0.0026,0.0314,0.017,0.2079,0.0314,0.4951,VarianceParTree,zelnik5_y.zip
8,10,30,5,1000.0,inf,0.1,2.212545871734619,0.2904,3.5467,0.4825,0.2684,0.0025,0.0235,0.0026,0.0314,0.017,0.2079,0.0314,0.4951,VarianceParTree,zelnik5_y.zip
8,10,30,5,1000.0,inf,0.2,2.0732288360595703,0.2904,3.5467,0.4825,0.2684,0.0025,0.0235,0.0026,0.0314,0.017,0.2079,0.0314,0.4951,VarianceParTree,zelnik5_y.zip
8,10,30,5,100.0,20.0,0.0,0.4082252979278564,0.2973,351.5887,1.6564,0.8105,0.3959,1.0713,0.6013,0.6075,0.7756,0.4993,0.6075,0.5271,VarianceParTree,zelnik5_y.zip
8,10,30,5,100.0,20.0,0.1,0.4124174118041992,0.2973,351.5887,1.6564,0.8105,0.3959,1.0713,0.6013,0.6075,0.7756,0.4993,0.6075,0.5271,VarianceParTree,zelnik5_y.zip
8,10,30,5,100.0,20.0,0.2,0.3975491523742676,0.2973,351.5887,1.6564,0.8105,0.3959,1.0713,0.6013,0.6075,0.7756,0.4993,0.6075,0.5271,VarianceParTree,zelnik5_y.zip
8,10,30,5,inf,100.0,0.0,1.9176251888275144,0.2671,333.3253,1.6389,0.7956,0.3582,0.9714,0.5522,0.5593,0.7032,0.4643,0.5593,0.4937,VarianceParTree,zelnik5_y.zip
8,10,30,5,inf,100.0,0.1,1.9428839683532717,0.2671,333.3253,1.6389,0.7956,0.3582,0.9714,0.5522,0.5593,0.7032,0.4643,0.5593,0.4937,VarianceParTree,zelnik5_y.zip
8,10,30,5,inf,100.0,0.2,1.8849141597747805,0.2671,333.3253,1.6389,0.7956,0.3582,0.9714,0.5522,0.5593,0.7032,0.4643,0.5593,0.4937,VarianceParTree,zelnik5_y.zip
8,10,30,5,inf,20.0,0.0,1.96799898147583,0.2671,333.3253,1.6389,0.7956,0.3582,0.9714,0.5522,0.5593,0.7032,0.4643,0.5593,0.4937,VarianceParTree,zelnik5_y.zip
8,10,30,5,inf,20.0,0.1,1.924083948135376,0.2671,333.3253,1.6389,0.7956,0.3582,0.9714,0.5522,0.5593,0.7032,0.4643,0.5593,0.4937,VarianceParTree,zelnik5_y.zip
8,10,30,5,inf,20.0,0.2,1.7895386219024658,0.2671,333.3253,1.6389,0.7956,0.3582,0.9714,0.5522,0.5593,0.7032,0.4643,0.5593,0.4937,VarianceParTree,zelnik5_y.zip
8,10,30,5,inf,inf,0.0,2.040792226791382,0.2904,3.5467,0.4825,0.2684,0.0025,0.0235,0.0026,0.0314,0.017,0.2079,0.0314,0.4951,VarianceParTree,zelnik5_y.zip
8,10,30,5,inf,inf,0.1,2.1899101734161377,0.2904,3.5467,0.4825,0.2684,0.0025,0.0235,0.0026,0.0314,0.017,0.2079,0.0314,0.4951,VarianceParTree,zelnik5_y.zip
8,10,30,5,inf,inf,0.2,2.169964551925659,0.2904,3.5467,0.4825,0.2684,0.0025,0.0235,0.0026,0.0314,0.017,0.2079,0.0314,0.4951,VarianceParTree,zelnik5_y.zip
8,10,3,50,1000.0,100.0,0.0,1.957414388656616,0.2671,333.3253,1.6389,0.7956,0.3582,0.9714,0.5522,0.5593,0.7032,0.4643,0.5593,0.4937,VarianceParTree,zelnik5_y.zip
8,10,3,50,1000.0,100.0,0.1,1.7880516052246094,0.2671,333.3253,1.6389,0.7956,0.3582,0.9714,0.5522,0.5593,0.7032,0.4643,0.5593,0.4937,VarianceParTree,zelnik5_y.zip
8,10,3,50,1000.0,100.0,0.2,1.9236304759979248,0.2671,333.3253,1.6389,0.7956,0.3582,0.9714,0.5522,0.5593,0.7032,0.4643,0.5593,0.4937,VarianceParTree,zelnik5_y.zip
8,10,3,50,1000.0,20.0,0.0,1.9163618087768557,0.2671,333.3253,1.6389,0.7956,0.3582,0.9714,0.5522,0.5593,0.7032,0.4643,0.5593,0.4937,VarianceParTree,zelnik5_y.zip
8,10,3,50,1000.0,20.0,0.1,1.9076917171478271,0.2671,333.3253,1.6389,0.7956,0.3582,0.9714,0.5522,0.5593,0.7032,0.4643,0.5593,0.4937,VarianceParTree,zelnik5_y.zip
8,10,3,50,1000.0,20.0,0.2,1.9487104415893557,0.2671,333.3253,1.6389,0.7956,0.3582,0.9714,0.5522,0.5593,0.7032,0.4643,0.5593,0.4937,VarianceParTree,zelnik5_y.zip
8,10,3,50,1000.0,inf,0.0,2.078747510910034,0.2904,3.5467,0.4825,0.2684,0.0025,0.0235,0.0026,0.0314,0.017,0.2079,0.0314,0.4951,VarianceParTree,zelnik5_y.zip
8,10,3,50,1000.0,inf,0.1,2.162226676940918,0.2904,3.5467,0.4825,0.2684,0.0025,0.0235,0.0026,0.0314,0.017,0.2079,0.0314,0.4951,VarianceParTree,zelnik5_y.zip
8,10,3,50,1000.0,inf,0.2,2.176164388656616,0.2904,3.5467,0.4825,0.2684,0.0025,0.0235,0.0026,0.0314,0.017,0.2079,0.0314,0.4951,VarianceParTree,zelnik5_y.zip
8,10,3,50,100.0,20.0,0.0,0.3957874774932861,0.2973,351.5887,1.6564,0.8105,0.3959,1.0713,0.6013,0.6075,0.7756,0.4993,0.6075,0.5271,VarianceParTree,zelnik5_y.zip
8,10,3,50,100.0,20.0,0.1,0.3985047340393066,0.2973,351.5887,1.6564,0.8105,0.3959,1.0713,0.6013,0.6075,0.7756,0.4993,0.6075,0.5271,VarianceParTree,zelnik5_y.zip
8,10,3,50,100.0,20.0,0.2,0.5451009273529053,0.2973,351.5887,1.6564,0.8105,0.3959,1.0713,0.6013,0.6075,0.7756,0.4993,0.6075,0.5271,VarianceParTree,zelnik5_y.zip
8,10,3,50,inf,100.0,0.0,1.927412986755371,0.2671,333.3253,1.6389,0.7956,0.3582,0.9714,0.5522,0.5593,0.7032,0.4643,0.5593,0.4937,VarianceParTree,zelnik5_y.zip
8,10,3,50,inf,100.0,0.1,1.934746503829956,0.2671,333.3253,1.6389,0.7956,0.3582,0.9714,0.5522,0.5593,0.7032,0.4643,0.5593,0.4937,VarianceParTree,zelnik5_y.zip
8,10,3,50,inf,100.0,0.2,2.085097551345825,0.2671,333.3253,1.6389,0.7956,0.3582,0.9714,0.5522,0.5593,0.7032,0.4643,0.5593,0.4937,VarianceParTree,zelnik5_y.zip
8,10,3,50,inf,20.0,0.0,1.9105589389801023,0.2671,333.3253,1.6389,0.7956,0.3582,0.9714,0.5522,0.5593,0.7032,0.4643,0.5593,0.4937,VarianceParTree,zelnik5_y.zip
8,10,3,50,inf,20.0,0.1,1.921214818954468,0.2671,333.3253,1.6389,0.7956,0.3582,0.9714,0.5522,0.5593,0.7032,0.4643,0.5593,0.4937,VarianceParTree,zelnik5_y.zip
8,10,3,50,inf,20.0,0.2,1.9301278591156008,0.2671,333.3253,1.6389,0.7956,0.3582,0.9714,0.5522,0.5593,0.7032,0.4643,0.5593,0.4937,VarianceParTree,zelnik5_y.zip
8,10,3,50,inf,inf,0.0,2.182943820953369,0.2904,3.5467,0.4825,0.2684,0.0025,0.0235,0.0026,0.0314,0.017,0.2079,0.0314,0.4951,VarianceParTree,zelnik5_y.zip
8,10,3,50,inf,inf,0.1,2.183774471282959,0.2904,3.5467,0.4825,0.2684,0.0025,0.0235,0.0026,0.0314,0.017,0.2079,0.0314,0.4951,VarianceParTree,zelnik5_y.zip
8,10,3,50,inf,inf,0.2,2.0538604259490967,0.2904,3.5467,0.4825,0.2684,0.0025,0.0235,0.0026,0.0314,0.017,0.2079,0.0314,0.4951,VarianceParTree,zelnik5_y.zip
8,10,3,5,1000.0,100.0,0.0,1.862771987915039,0.2671,333.3253,1.6389,0.7956,0.3582,0.9714,0.5522,0.5593,0.7032,0.4643,0.5593,0.4937,VarianceParTree,zelnik5_y.zip
8,10,3,5,1000.0,100.0,0.1,1.879309892654419,0.2671,333.3253,1.6389,0.7956,0.3582,0.9714,0.5522,0.5593,0.7032,0.4643,0.5593,0.4937,VarianceParTree,zelnik5_y.zip
8,10,3,5,1000.0,100.0,0.2,1.8867301940917969,0.2671,333.3253,1.6389,0.7956,0.3582,0.9714,0.5522,0.5593,0.7032,0.4643,0.5593,0.4937,VarianceParTree,zelnik5_y.zip
8,10,3,5,1000.0,20.0,0.0,1.8336989879608157,0.2671,333.3253,1.6389,0.7956,0.3582,0.9714,0.5522,0.5593,0.7032,0.4643,0.5593,0.4937,VarianceParTree,zelnik5_y.zip
8,10,3,5,1000.0,20.0,0.1,1.8713111877441408,0.2671,333.3253,1.6389,0.7956,0.3582,0.9714,0.5522,0.5593,0.7032,0.4643,0.5593,0.4937,VarianceParTree,zelnik5_y.zip
8,10,3,5,1000.0,20.0,0.2,1.8373210430145264,0.2671,333.3253,1.6389,0.7956,0.3582,0.9714,0.5522,0.5593,0.7032,0.4643,0.5593,0.4937,VarianceParTree,zelnik5_y.zip
8,10,3,5,1000.0,inf,0.0,2.061275720596313,0.2904,3.5467,0.4825,0.2684,0.0025,0.0235,0.0026,0.0314,0.017,0.2079,0.0314,0.4951,VarianceParTree,zelnik5_y.zip
8,10,3,5,1000.0,inf,0.1,2.165231227874756,0.2904,3.5467,0.4825,0.2684,0.0025,0.0235,0.0026,0.0314,0.017,0.2079,0.0314,0.4951,VarianceParTree,zelnik5_y.zip
8,10,3,5,1000.0,inf,0.2,2.192659854888916,0.2904,3.5467,0.4825,0.2684,0.0025,0.0235,0.0026,0.0314,0.017,0.2079,0.0314,0.4951,VarianceParTree,zelnik5_y.zip
8,10,3,5,100.0,20.0,0.0,0.4076838493347168,0.2973,351.5887,1.6564,0.8105,0.3959,1.0713,0.6013,0.6075,0.7756,0.4993,0.6075,0.5271,VarianceParTree,zelnik5_y.zip
8,10,3,5,100.0,20.0,0.1,0.3984851837158203,0.2973,351.5887,1.6564,0.8105,0.3959,1.0713,0.6013,0.6075,0.7756,0.4993,0.6075,0.5271,VarianceParTree,zelnik5_y.zip
8,10,3,5,100.0,20.0,0.2,0.4006204605102539,0.2973,351.5887,1.6564,0.8105,0.3959,1.0713,0.6013,0.6075,0.7756,0.4993,0.6075,0.5271,VarianceParTree,zelnik5_y.zip
8,10,3,5,inf,100.0,0.0,1.960327386856079,0.2671,333.3253,1.6389,0.7956,0.3582,0.9714,0.5522,0.5593,0.7032,0.4643,0.5593,0.4937,VarianceParTree,zelnik5_y.zip
8,10,3,5,inf,100.0,0.1,1.9394826889038088,0.2671,333.3253,1.6389,0.7956,0.3582,0.9714,0.5522,0.5593,0.7032,0.4643,0.5593,0.4937,VarianceParTree,zelnik5_y.zip
8,10,3,5,inf,100.0,0.2,2.0140929222106934,0.2671,333.3253,1.6389,0.7956,0.3582,0.9714,0.5522,0.5593,0.7032,0.4643,0.5593,0.4937,VarianceParTree,zelnik5_y.zip
8,10,3,5,inf,20.0,0.0,1.9184155464172363,0.2671,333.3253,1.6389,0.7956,0.3582,0.9714,0.5522,0.5593,0.7032,0.4643,0.5593,0.4937,VarianceParTree,zelnik5_y.zip
8,10,3,5,inf,20.0,0.1,1.933168888092041,0.2671,333.3253,1.6389,0.7956,0.3582,0.9714,0.5522,0.5593,0.7032,0.4643,0.5593,0.4937,VarianceParTree,zelnik5_y.zip
8,10,3,5,inf,20.0,0.2,1.925209045410156,0.2671,333.3253,1.6389,0.7956,0.3582,0.9714,0.5522,0.5593,0.7032,0.4643,0.5593,0.4937,VarianceParTree,zelnik5_y.zip
8,10,3,5,inf,inf,0.0,2.2147116661071777,0.2904,3.5467,0.4825,0.2684,0.0025,0.0235,0.0026,0.0314,0.017,0.2079,0.0314,0.4951,VarianceParTree,zelnik5_y.zip
8,10,3,5,inf,inf,0.1,2.212822675704956,0.2904,3.5467,0.4825,0.2684,0.0025,0.0235,0.0026,0.0314,0.017,0.2079,0.0314,0.4951,VarianceParTree,zelnik5_y.zip
8,10,3,5,inf,inf,0.2,2.0999090671539307,0.2904,3.5467,0.4825,0.2684,0.0025,0.0235,0.0026,0.0314,0.017,0.2079,0.0314,0.4951,VarianceParTree,zelnik5_y.zip
8,12,30,50,1000.0,100.0,0.0,2.312558174133301,0.2907,341.8132,1.5029,0.8134,0.391,1.1221,0.6032,0.6104,0.8123,0.4889,0.6104,0.5256,VarianceParTree,zelnik5_y.zip
8,12,30,50,1000.0,100.0,0.1,2.2597105503082275,0.2907,341.8132,1.5029,0.8134,0.391,1.1221,0.6032,0.6104,0.8123,0.4889,0.6104,0.5256,VarianceParTree,zelnik5_y.zip
8,12,30,50,1000.0,100.0,0.2,2.2927045822143555,0.2907,341.8132,1.5029,0.8134,0.391,1.1221,0.6032,0.6104,0.8123,0.4889,0.6104,0.5256,VarianceParTree,zelnik5_y.zip
8,12,30,50,1000.0,20.0,0.0,2.2588469982147217,0.2907,341.8132,1.5029,0.8134,0.391,1.1221,0.6032,0.6104,0.8123,0.4889,0.6104,0.5256,VarianceParTree,zelnik5_y.zip
8,12,30,50,1000.0,20.0,0.1,2.2780282497406006,0.2907,341.8132,1.5029,0.8134,0.391,1.1221,0.6032,0.6104,0.8123,0.4889,0.6104,0.5256,VarianceParTree,zelnik5_y.zip
8,12,30,50,1000.0,20.0,0.2,2.2746548652648926,0.2907,341.8132,1.5029,0.8134,0.391,1.1221,0.6032,0.6104,0.8123,0.4889,0.6104,0.5256,VarianceParTree,zelnik5_y.zip
8,12,30,50,1000.0,inf,0.0,2.0374112129211426,0.2904,3.5467,0.4825,0.2684,0.0025,0.0235,0.0026,0.0314,0.017,0.2079,0.0314,0.4951,VarianceParTree,zelnik5_y.zip
8,12,30,50,1000.0,inf,0.1,2.178400754928589,0.2904,3.5467,0.4825,0.2684,0.0025,0.0235,0.0026,0.0314,0.017,0.2079,0.0314,0.4951,VarianceParTree,zelnik5_y.zip
8,12,30,50,1000.0,inf,0.2,2.193745851516724,0.2904,3.5467,0.4825,0.2684,0.0025,0.0235,0.0026,0.0314,0.017,0.2079,0.0314,0.4951,VarianceParTree,zelnik5_y.zip
8,12,30,50,100.0,20.0,0.0,0.4773404598236084,0.2989,343.3217,1.6143,0.8208,0.4099,1.1669,0.622,0.6288,0.8447,0.5008,0.6288,0.545,VarianceParTree,zelnik5_y.zip
8,12,30,50,100.0,20.0,0.1,0.4857821464538574,0.2989,343.3217,1.6143,0.8208,0.4099,1.1669,0.622,0.6288,0.8447,0.5008,0.6288,0.545,VarianceParTree,zelnik5_y.zip
8,12,30,50,100.0,20.0,0.2,0.4900026321411133,0.2989,343.3217,1.6143,0.8208,0.4099,1.1669,0.622,0.6288,0.8447,0.5008,0.6288,0.545,VarianceParTree,zelnik5_y.zip
8,12,30,50,inf,100.0,0.0,2.3282532691955566,0.2907,341.8132,1.5029,0.8134,0.391,1.1221,0.6032,0.6104,0.8123,0.4889,0.6104,0.5256,VarianceParTree,zelnik5_y.zip
8,12,30,50,inf,100.0,0.1,2.262725830078125,0.2907,341.8132,1.5029,0.8134,0.391,1.1221,0.6032,0.6104,0.8123,0.4889,0.6104,0.5256,VarianceParTree,zelnik5_y.zip
8,12,30,50,inf,100.0,0.2,2.342468500137329,0.2907,341.8132,1.5029,0.8134,0.391,1.1221,0.6032,0.6104,0.8123,0.4889,0.6104,0.5256,VarianceParTree,zelnik5_y.zip
8,12,30,50,inf,20.0,0.0,2.244049072265625,0.2907,341.8132,1.5029,0.8134,0.391,1.1221,0.6032,0.6104,0.8123,0.4889,0.6104,0.5256,VarianceParTree,zelnik5_y.zip
8,12,30,50,inf,20.0,0.1,2.2871944904327397,0.2907,341.8132,1.5029,0.8134,0.391,1.1221,0.6032,0.6104,0.8123,0.4889,0.6104,0.5256,VarianceParTree,zelnik5_y.zip
8,12,30,50,inf,20.0,0.2,2.278820276260376,0.2907,341.8132,1.5029,0.8134,0.391,1.1221,0.6032,0.6104,0.8123,0.4889,0.6104,0.5256,VarianceParTree,zelnik5_y.zip
8,12,30,50,inf,inf,0.0,2.2147293090820312,0.2904,3.5467,0.4825,0.2684,0.0025,0.0235,0.0026,0.0314,0.017,0.2079,0.0314,0.4951,VarianceParTree,zelnik5_y.zip
8,12,30,50,inf,inf,0.1,2.0666215419769287,0.2904,3.5467,0.4825,0.2684,0.0025,0.0235,0.0026,0.0314,0.017,0.2079,0.0314,0.4951,VarianceParTree,zelnik5_y.zip
8,12,30,50,inf,inf,0.2,2.1805760860443115,0.2904,3.5467,0.4825,0.2684,0.0025,0.0235,0.0026,0.0314,0.017,0.2079,0.0314,0.4951,VarianceParTree,zelnik5_y.zip
8,12,30,5,1000.0,100.0,0.0,2.2671539783477783,0.2907,341.8132,1.5029,0.8134,0.391,1.1221,0.6032,0.6104,0.8123,0.4889,0.6104,0.5256,VarianceParTree,zelnik5_y.zip
8,12,30,5,1000.0,100.0,0.1,2.2502541542053223,0.2907,341.8132,1.5029,0.8134,0.391,1.1221,0.6032,0.6104,0.8123,0.4889,0.6104,0.5256,VarianceParTree,zelnik5_y.zip
8,12,30,5,1000.0,100.0,0.2,2.2850680351257324,0.2907,341.8132,1.5029,0.8134,0.391,1.1221,0.6032,0.6104,0.8123,0.4889,0.6104,0.5256,VarianceParTree,zelnik5_y.zip
8,12,30,5,1000.0,20.0,0.0,2.264545440673828,0.2907,341.8132,1.5029,0.8134,0.391,1.1221,0.6032,0.6104,0.8123,0.4889,0.6104,0.5256,VarianceParTree,zelnik5_y.zip
8,12,30,5,1000.0,20.0,0.1,2.271320581436157,0.2907,341.8132,1.5029,0.8134,0.391,1.1221,0.6032,0.6104,0.8123,0.4889,0.6104,0.5256,VarianceParTree,zelnik5_y.zip
8,12,30,5,1000.0,20.0,0.2,2.3948545455932617,0.2907,341.8132,1.5029,0.8134,0.391,1.1221,0.6032,0.6104,0.8123,0.4889,0.6104,0.5256,VarianceParTree,zelnik5_y.zip
8,12,30,5,1000.0,inf,0.0,2.1711933612823486,0.2904,3.5467,0.4825,0.2684,0.0025,0.0235,0.0026,0.0314,0.017,0.2079,0.0314,0.4951,VarianceParTree,zelnik5_y.zip
8,12,30,5,1000.0,inf,0.1,2.190260648727417,0.2904,3.5467,0.4825,0.2684,0.0025,0.0235,0.0026,0.0314,0.017,0.2079,0.0314,0.4951,VarianceParTree,zelnik5_y.zip
8,12,30,5,1000.0,inf,0.2,2.068873882293701,0.2904,3.5467,0.4825,0.2684,0.0025,0.0235,0.0026,0.0314,0.017,0.2079,0.0314,0.4951,VarianceParTree,zelnik5_y.zip
8,12,30,5,100.0,20.0,0.0,0.4765357971191406,0.2989,343.3217,1.6143,0.8208,0.4099,1.1669,0.622,0.6288,0.8447,0.5008,0.6288,0.545,VarianceParTree,zelnik5_y.zip
8,12,30,5,100.0,20.0,0.1,0.4820601940155029,0.2989,343.3217,1.6143,0.8208,0.4099,1.1669,0.622,0.6288,0.8447,0.5008,0.6288,0.545,VarianceParTree,zelnik5_y.zip
8,12,30,5,100.0,20.0,0.2,0.4780564308166504,0.2989,343.3217,1.6143,0.8208,0.4099,1.1669,0.622,0.6288,0.8447,0.5008,0.6288,0.545,VarianceParTree,zelnik5_y.zip
8,12,30,5,inf,100.0,0.0,2.2592740058898926,0.2907,341.8132,1.5029,0.8134,0.391,1.1221,0.6032,0.6104,0.8123,0.4889,0.6104,0.5256,VarianceParTree,zelnik5_y.zip
8,12,30,5,inf,100.0,0.1,2.2613391876220703,0.2907,341.8132,1.5029,0.8134,0.391,1.1221,0.6032,0.6104,0.8123,0.4889,0.6104,0.5256,VarianceParTree,zelnik5_y.zip
8,12,30,5,inf,100.0,0.2,2.2695353031158447,0.2907,341.8132,1.5029,0.8134,0.391,1.1221,0.6032,0.6104,0.8123,0.4889,0.6104,0.5256,VarianceParTree,zelnik5_y.zip
8,12,30,5,inf,20.0,0.0,2.295208215713501,0.2907,341.8132,1.5029,0.8134,0.391,1.1221,0.6032,0.6104,0.8123,0.4889,0.6104,0.5256,VarianceParTree,zelnik5_y.zip
8,12,30,5,inf,20.0,0.1,2.313075542449951,0.2907,341.8132,1.5029,0.8134,0.391,1.1221,0.6032,0.6104,0.8123,0.4889,0.6104,0.5256,VarianceParTree,zelnik5_y.zip
8,12,30,5,inf,20.0,0.2,2.278108835220337,0.2907,341.8132,1.5029,0.8134,0.391,1.1221,0.6032,0.6104,0.8123,0.4889,0.6104,0.5256,VarianceParTree,zelnik5_y.zip
8,12,30,5,inf,inf,0.0,2.152698040008545,0.2904,3.5467,0.4825,0.2684,0.0025,0.0235,0.0026,0.0314,0.017,0.2079,0.0314,0.4951,VarianceParTree,zelnik5_y.zip
8,12,30,5,inf,inf,0.1,2.199432373046875,0.2904,3.5467,0.4825,0.2684,0.0025,0.0235,0.0026,0.0314,0.017,0.2079,0.0314,0.4951,VarianceParTree,zelnik5_y.zip
8,12,30,5,inf,inf,0.2,2.197659492492676,0.2904,3.5467,0.4825,0.2684,0.0025,0.0235,0.0026,0.0314,0.017,0.2079,0.0314,0.4951,VarianceParTree,zelnik5_y.zip
8,12,3,50,1000.0,100.0,0.0,2.2845618724823,0.2907,341.8132,1.5029,0.8134,0.391,1.1221,0.6032,0.6104,0.8123,0.4889,0.6104,0.5256,VarianceParTree,zelnik5_y.zip
8,12,3,50,1000.0,100.0,0.1,2.289997339248657,0.2907,341.8132,1.5029,0.8134,0.391,1.1221,0.6032,0.6104,0.8123,0.4889,0.6104,0.5256,VarianceParTree,zelnik5_y.zip
8,12,3,50,1000.0,100.0,0.2,2.2890281677246094,0.2907,341.8132,1.5029,0.8134,0.391,1.1221,0.6032,0.6104,0.8123,0.4889,0.6104,0.5256,VarianceParTree,zelnik5_y.zip
8,12,3,50,1000.0,20.0,0.0,2.256669759750366,0.2907,341.8132,1.5029,0.8134,0.391,1.1221,0.6032,0.6104,0.8123,0.4889,0.6104,0.5256,VarianceParTree,zelnik5_y.zip
8,12,3,50,1000.0,20.0,0.1,2.255902051925659,0.2907,341.8132,1.5029,0.8134,0.391,1.1221,0.6032,0.6104,0.8123,0.4889,0.6104,0.5256,VarianceParTree,zelnik5_y.zip
8,12,3,50,1000.0,20.0,0.2,2.277672290802002,0.2907,341.8132,1.5029,0.8134,0.391,1.1221,0.6032,0.6104,0.8123,0.4889,0.6104,0.5256,VarianceParTree,zelnik5_y.zip
8,12,3,50,1000.0,inf,0.0,2.1699256896972656,0.2904,3.5467,0.4825,0.2684,0.0025,0.0235,0.0026,0.0314,0.017,0.2079,0.0314,0.4951,VarianceParTree,zelnik5_y.zip
8,12,3,50,1000.0,inf,0.1,2.2102339267730717,0.2904,3.5467,0.4825,0.2684,0.0025,0.0235,0.0026,0.0314,0.017,0.2079,0.0314,0.4951,VarianceParTree,zelnik5_y.zip
8,12,3,50,1000.0,inf,0.2,2.237611532211304,0.2904,3.5467,0.4825,0.2684,0.0025,0.0235,0.0026,0.0314,0.017,0.2079,0.0314,0.4951,VarianceParTree,zelnik5_y.zip
8,12,3,50,100.0,20.0,0.0,0.4674561023712158,0.2989,343.3217,1.6143,0.8208,0.4099,1.1669,0.622,0.6288,0.8447,0.5008,0.6288,0.545,VarianceParTree,zelnik5_y.zip
8,12,3,50,100.0,20.0,0.1,0.4876892566680908,0.2989,343.3217,1.6143,0.8208,0.4099,1.1669,0.622,0.6288,0.8447,0.5008,0.6288,0.545,VarianceParTree,zelnik5_y.zip
8,12,3,50,100.0,20.0,0.2,0.4827349185943603,0.2989,343.3217,1.6143,0.8208,0.4099,1.1669,0.622,0.6288,0.8447,0.5008,0.6288,0.545,VarianceParTree,zelnik5_y.zip
8,12,3,50,inf,100.0,0.0,2.258232831954956,0.2907,341.8132,1.5029,0.8134,0.391,1.1221,0.6032,0.6104,0.8123,0.4889,0.6104,0.5256,VarianceParTree,zelnik5_y.zip
8,12,3,50,inf,100.0,0.1,2.276164054870605,0.2907,341.8132,1.5029,0.8134,0.391,1.1221,0.6032,0.6104,0.8123,0.4889,0.6104,0.5256,VarianceParTree,zelnik5_y.zip
8,12,3,50,inf,100.0,0.2,2.267277240753174,0.2907,341.8132,1.5029,0.8134,0.391,1.1221,0.6032,0.6104,0.8123,0.4889,0.6104,0.5256,VarianceParTree,zelnik5_y.zip
8,12,3,50,inf,20.0,0.0,2.2786219120025635,0.2907,341.8132,1.5029,0.8134,0.391,1.1221,0.6032,0.6104,0.8123,0.4889,0.6104,0.5256,VarianceParTree,zelnik5_y.zip
8,12,3,50,inf,20.0,0.1,2.308936595916748,0.2907,341.8132,1.5029,0.8134,0.391,1.1221,0.6032,0.6104,0.8123,0.4889,0.6104,0.5256,VarianceParTree,zelnik5_y.zip
8,12,3,50,inf,20.0,0.2,2.294867515563965,0.2907,341.8132,1.5029,0.8134,0.391,1.1221,0.6032,0.6104,0.8123,0.4889,0.6104,0.5256,VarianceParTree,zelnik5_y.zip
8,12,3,50,inf,inf,0.0,2.15123987197876,0.2904,3.5467,0.4825,0.2684,0.0025,0.0235,0.0026,0.0314,0.017,0.2079,0.0314,0.4951,VarianceParTree,zelnik5_y.zip
8,12,3,50,inf,inf,0.1,2.0563480854034424,0.2904,3.5467,0.4825,0.2684,0.0025,0.0235,0.0026,0.0314,0.017,0.2079,0.0314,0.4951,VarianceParTree,zelnik5_y.zip
8,12,3,50,inf,inf,0.2,2.154911994934082,0.2904,3.5467,0.4825,0.2684,0.0025,0.0235,0.0026,0.0314,0.017,0.2079,0.0314,0.4951,VarianceParTree,zelnik5_y.zip
8,12,3,5,1000.0,100.0,0.0,2.207772254943848,0.2907,341.8132,1.5029,0.8134,0.391,1.1221,0.6032,0.6104,0.8123,0.4889,0.6104,0.5256,VarianceParTree,zelnik5_y.zip
8,12,3,5,1000.0,100.0,0.1,2.1669905185699463,0.2907,341.8132,1.5029,0.8134,0.391,1.1221,0.6032,0.6104,0.8123,0.4889,0.6104,0.5256,VarianceParTree,zelnik5_y.zip
8,12,3,5,1000.0,100.0,0.2,2.2347207069396973,0.2907,341.8132,1.5029,0.8134,0.391,1.1221,0.6032,0.6104,0.8123,0.4889,0.6104,0.5256,VarianceParTree,zelnik5_y.zip
8,12,3,5,1000.0,20.0,0.0,2.20965313911438,0.2907,341.8132,1.5029,0.8134,0.391,1.1221,0.6032,0.6104,0.8123,0.4889,0.6104,0.5256,VarianceParTree,zelnik5_y.zip
8,12,3,5,1000.0,20.0,0.1,2.1915371417999268,0.2907,341.8132,1.5029,0.8134,0.391,1.1221,0.6032,0.6104,0.8123,0.4889,0.6104,0.5256,VarianceParTree,zelnik5_y.zip
8,12,3,5,1000.0,20.0,0.2,2.242128610610962,0.2907,341.8132,1.5029,0.8134,0.391,1.1221,0.6032,0.6104,0.8123,0.4889,0.6104,0.5256,VarianceParTree,zelnik5_y.zip
8,12,3,5,1000.0,inf,0.0,2.084505796432495,0.2904,3.5467,0.4825,0.2684,0.0025,0.0235,0.0026,0.0314,0.017,0.2079,0.0314,0.4951,VarianceParTree,zelnik5_y.zip
8,12,3,5,1000.0,inf,0.1,2.200798988342285,0.2904,3.5467,0.4825,0.2684,0.0025,0.0235,0.0026,0.0314,0.017,0.2079,0.0314,0.4951,VarianceParTree,zelnik5_y.zip
8,12,3,5,1000.0,inf,0.2,2.176356792449951,0.2904,3.5467,0.4825,0.2684,0.0025,0.0235,0.0026,0.0314,0.017,0.2079,0.0314,0.4951,VarianceParTree,zelnik5_y.zip
8,12,3,5,100.0,20.0,0.0,0.5444231033325195,0.2989,343.3217,1.6143,0.8208,0.4099,1.1669,0.622,0.6288,0.8447,0.5008,0.6288,0.545,VarianceParTree,zelnik5_y.zip
8,12,3,5,100.0,20.0,0.1,0.4646360874176025,0.2989,343.3217,1.6143,0.8208,0.4099,1.1669,0.622,0.6288,0.8447,0.5008,0.6288,0.545,VarianceParTree,zelnik5_y.zip
8,12,3,5,100.0,20.0,0.2,0.4654293060302734,0.2989,343.3217,1.6143,0.8208,0.4099,1.1669,0.622,0.6288,0.8447,0.5008,0.6288,0.545,VarianceParTree,zelnik5_y.zip
8,12,3,5,inf,100.0,0.0,2.282498359680176,0.2907,341.8132,1.5029,0.8134,0.391,1.1221,0.6032,0.6104,0.8123,0.4889,0.6104,0.5256,VarianceParTree,zelnik5_y.zip
8,12,3,5,inf,100.0,0.1,2.2747156620025635,0.2907,341.8132,1.5029,0.8134,0.391,1.1221,0.6032,0.6104,0.8123,0.4889,0.6104,0.5256,VarianceParTree,zelnik5_y.zip
8,12,3,5,inf,100.0,0.2,2.353745460510254,0.2907,341.8132,1.5029,0.8134,0.391,1.1221,0.6032,0.6104,0.8123,0.4889,0.6104,0.5256,VarianceParTree,zelnik5_y.zip
8,12,3,5,inf,20.0,0.0,2.288884162902832,0.2907,341.8132,1.5029,0.8134,0.391,1.1221,0.6032,0.6104,0.8123,0.4889,0.6104,0.5256,VarianceParTree,zelnik5_y.zip
8,12,3,5,inf,20.0,0.1,2.2511587142944336,0.2907,341.8132,1.5029,0.8134,0.391,1.1221,0.6032,0.6104,0.8123,0.4889,0.6104,0.5256,VarianceParTree,zelnik5_y.zip
8,12,3,5,inf,20.0,0.2,2.2499802112579346,0.2907,341.8132,1.5029,0.8134,0.391,1.1221,0.6032,0.6104,0.8123,0.4889,0.6104,0.5256,VarianceParTree,zelnik5_y.zip
8,12,3,5,inf,inf,0.0,2.1780426502227783,0.2904,3.5467,0.4825,0.2684,0.0025,0.0235,0.0026,0.0314,0.017,0.2079,0.0314,0.4951,VarianceParTree,zelnik5_y.zip
8,12,3,5,inf,inf,0.1,2.0413146018981934,0.2904,3.5467,0.4825,0.2684,0.0025,0.0235,0.0026,0.0314,0.017,0.2079,0.0314,0.4951,VarianceParTree,zelnik5_y.zip
8,12,3,5,inf,inf,0.2,2.198782444000244,0.2904,3.5467,0.4825,0.2684,0.0025,0.0235,0.0026,0.0314,0.017,0.2079,0.0314,0.4951,VarianceParTree,zelnik5_y.zip
8,2,30,50,1000.0,100.0,0.0,0.266728401184082,0.3394,251.819,1.0811,0.6297,0.2861,0.4549,0.4453,0.4469,0.3293,0.6953,0.4469,0.5694,VarianceParTree,zelnik5_y.zip
8,2,30,50,1000.0,100.0,0.1,0.2599239349365234,0.3394,251.819,1.0811,0.6297,0.2861,0.4549,0.4453,0.4469,0.3293,0.6953,0.4469,0.5694,VarianceParTree,zelnik5_y.zip
8,2,30,50,1000.0,100.0,0.2,0.2712540626525879,0.3394,251.819,1.0811,0.6297,0.2861,0.4549,0.4453,0.4469,0.3293,0.6953,0.4469,0.5694,VarianceParTree,zelnik5_y.zip
8,2,30,50,1000.0,20.0,0.0,0.2698135375976562,0.3394,251.819,1.0811,0.6297,0.2861,0.4549,0.4453,0.4469,0.3293,0.6953,0.4469,0.5694,VarianceParTree,zelnik5_y.zip
8,2,30,50,1000.0,20.0,0.1,0.4085268974304199,0.3394,251.819,1.0811,0.6297,0.2861,0.4549,0.4453,0.4469,0.3293,0.6953,0.4469,0.5694,VarianceParTree,zelnik5_y.zip
8,2,30,50,1000.0,20.0,0.2,0.2670223712921142,0.3394,251.819,1.0811,0.6297,0.2861,0.4549,0.4453,0.4469,0.3293,0.6953,0.4469,0.5694,VarianceParTree,zelnik5_y.zip
8,2,30,50,1000.0,inf,0.0,0.2689418792724609,0.3202,3.6314,0.4768,0.2532,0.0003,0.0029,0.0003,0.0041,0.0021,0.2044,0.0041,0.5003,VarianceParTree,zelnik5_y.zip
8,2,30,50,1000.0,inf,0.1,0.2671716213226318,0.3202,3.6314,0.4768,0.2532,0.0003,0.0029,0.0003,0.0041,0.0021,0.2044,0.0041,0.5003,VarianceParTree,zelnik5_y.zip
8,2,30,50,1000.0,inf,0.2,0.2653834819793701,0.3202,3.6314,0.4768,0.2532,0.0003,0.0029,0.0003,0.0041,0.0021,0.2044,0.0041,0.5003,VarianceParTree,zelnik5_y.zip
8,2,30,50,100.0,20.0,0.0,0.0652961730957031,0.3352,246.4044,1.0798,0.627,0.2839,0.4532,0.4447,0.4463,0.3281,0.6977,0.4463,0.5694,VarianceParTree,zelnik5_y.zip
8,2,30,50,100.0,20.0,0.1,0.0640835762023925,0.3352,246.4044,1.0798,0.627,0.2839,0.4532,0.4447,0.4463,0.3281,0.6977,0.4463,0.5694,VarianceParTree,zelnik5_y.zip
8,2,30,50,100.0,20.0,0.2,0.0619444847106933,0.3352,246.4044,1.0798,0.627,0.2839,0.4532,0.4447,0.4463,0.3281,0.6977,0.4463,0.5694,VarianceParTree,zelnik5_y.zip
8,2,30,50,inf,100.0,0.0,0.2698495388031006,0.3394,251.819,1.0811,0.6297,0.2861,0.4549,0.4453,0.4469,0.3293,0.6953,0.4469,0.5694,VarianceParTree,zelnik5_y.zip
8,2,30,50,inf,100.0,0.1,0.2618927955627441,0.3394,251.819,1.0811,0.6297,0.2861,0.4549,0.4453,0.4469,0.3293,0.6953,0.4469,0.5694,VarianceParTree,zelnik5_y.zip
8,2,30,50,inf,100.0,0.2,0.2757761478424072,0.3394,251.819,1.0811,0.6297,0.2861,0.4549,0.4453,0.4469,0.3293,0.6953,0.4469,0.5694,VarianceParTree,zelnik5_y.zip
8,2,30,50,inf,20.0,0.0,0.3844723701477051,0.3394,251.819,1.0811,0.6297,0.2861,0.4549,0.4453,0.4469,0.3293,0.6953,0.4469,0.5694,VarianceParTree,zelnik5_y.zip
8,2,30,50,inf,20.0,0.1,0.2633094787597656,0.3394,251.819,1.0811,0.6297,0.2861,0.4549,0.4453,0.4469,0.3293,0.6953,0.4469,0.5694,VarianceParTree,zelnik5_y.zip
8,2,30,50,inf,20.0,0.2,0.2669951915740967,0.3394,251.819,1.0811,0.6297,0.2861,0.4549,0.4453,0.4469,0.3293,0.6953,0.4469,0.5694,VarianceParTree,zelnik5_y.zip
8,2,30,50,inf,inf,0.0,0.2748866081237793,0.3202,3.6314,0.4768,0.2532,0.0003,0.0029,0.0003,0.0041,0.0021,0.2044,0.0041,0.5003,VarianceParTree,zelnik5_y.zip
8,2,30,50,inf,inf,0.1,0.2685613632202148,0.3202,3.6314,0.4768,0.2532,0.0003,0.0029,0.0003,0.0041,0.0021,0.2044,0.0041,0.5003,VarianceParTree,zelnik5_y.zip
8,2,30,50,inf,inf,0.2,0.2691080570220947,0.3202,3.6314,0.4768,0.2532,0.0003,0.0029,0.0003,0.0041,0.0021,0.2044,0.0041,0.5003,VarianceParTree,zelnik5_y.zip
8,2,30,5,1000.0,100.0,0.0,0.2592077255249023,0.3394,251.819,1.0811,0.6297,0.2861,0.4549,0.4453,0.4469,0.3293,0.6953,0.4469,0.5694,VarianceParTree,zelnik5_y.zip
8,2,30,5,1000.0,100.0,0.1,0.2669832706451416,0.3394,251.819,1.0811,0.6297,0.2861,0.4549,0.4453,0.4469,0.3293,0.6953,0.4469,0.5694,VarianceParTree,zelnik5_y.zip
8,2,30,5,1000.0,100.0,0.2,0.270263671875,0.3394,251.819,1.0811,0.6297,0.2861,0.4549,0.4453,0.4469,0.3293,0.6953,0.4469,0.5694,VarianceParTree,zelnik5_y.zip
8,2,30,5,1000.0,20.0,0.0,0.3969151973724365,0.3394,251.819,1.0811,0.6297,0.2861,0.4549,0.4453,0.4469,0.3293,0.6953,0.4469,0.5694,VarianceParTree,zelnik5_y.zip
8,2,30,5,1000.0,20.0,0.1,0.2745387554168701,0.3394,251.819,1.0811,0.6297,0.2861,0.4549,0.4453,0.4469,0.3293,0.6953,0.4469,0.5694,VarianceParTree,zelnik5_y.zip
8,2,30,5,1000.0,20.0,0.2,0.2628970146179199,0.3394,251.819,1.0811,0.6297,0.2861,0.4549,0.4453,0.4469,0.3293,0.6953,0.4469,0.5694,VarianceParTree,zelnik5_y.zip
8,2,30,5,1000.0,inf,0.0,0.2619354724884033,0.3202,3.6314,0.4768,0.2532,0.0003,0.0029,0.0003,0.0041,0.0021,0.2044,0.0041,0.5003,VarianceParTree,zelnik5_y.zip
8,2,30,5,1000.0,inf,0.1,0.2862789630889892,0.3202,3.6314,0.4768,0.2532,0.0003,0.0029,0.0003,0.0041,0.0021,0.2044,0.0041,0.5003,VarianceParTree,zelnik5_y.zip
8,2,30,5,1000.0,inf,0.2,0.2710781097412109,0.3202,3.6314,0.4768,0.2532,0.0003,0.0029,0.0003,0.0041,0.0021,0.2044,0.0041,0.5003,VarianceParTree,zelnik5_y.zip
8,2,30,5,100.0,20.0,0.0,0.0622074604034423,0.3352,246.4044,1.0798,0.627,0.2839,0.4532,0.4447,0.4463,0.3281,0.6977,0.4463,0.5694,VarianceParTree,zelnik5_y.zip
8,2,30,5,100.0,20.0,0.1,0.0658643245697021,0.3352,246.4044,1.0798,0.627,0.2839,0.4532,0.4447,0.4463,0.3281,0.6977,0.4463,0.5694,VarianceParTree,zelnik5_y.zip
8,2,30,5,100.0,20.0,0.2,0.0654764175415039,0.3352,246.4044,1.0798,0.627,0.2839,0.4532,0.4447,0.4463,0.3281,0.6977,0.4463,0.5694,VarianceParTree,zelnik5_y.zip
8,2,30,5,inf,100.0,0.0,0.2740774154663086,0.3394,251.819,1.0811,0.6297,0.2861,0.4549,0.4453,0.4469,0.3293,0.6953,0.4469,0.5694,VarianceParTree,zelnik5_y.zip
8,2,30,5,inf,100.0,0.1,0.2615358829498291,0.3394,251.819,1.0811,0.6297,0.2861,0.4549,0.4453,0.4469,0.3293,0.6953,0.4469,0.5694,VarianceParTree,zelnik5_y.zip
8,2,30,5,inf,100.0,0.2,0.2737066745758056,0.3394,251.819,1.0811,0.6297,0.2861,0.4549,0.4453,0.4469,0.3293,0.6953,0.4469,0.5694,VarianceParTree,zelnik5_y.zip
8,2,30,5,inf,20.0,0.0,0.2553088665008545,0.3394,251.819,1.0811,0.6297,0.2861,0.4549,0.4453,0.4469,0.3293,0.6953,0.4469,0.5694,VarianceParTree,zelnik5_y.zip
8,2,30,5,inf,20.0,0.1,0.2761809825897217,0.3394,251.819,1.0811,0.6297,0.2861,0.4549,0.4453,0.4469,0.3293,0.6953,0.4469,0.5694,VarianceParTree,zelnik5_y.zip
8,2,30,5,inf,20.0,0.2,0.2720801830291748,0.3394,251.819,1.0811,0.6297,0.2861,0.4549,0.4453,0.4469,0.3293,0.6953,0.4469,0.5694,VarianceParTree,zelnik5_y.zip
8,2,30,5,inf,inf,0.0,0.2600245475769043,0.3202,3.6314,0.4768,0.2532,0.0003,0.0029,0.0003,0.0041,0.0021,0.2044,0.0041,0.5003,VarianceParTree,zelnik5_y.zip
8,2,30,5,inf,inf,0.1,0.2624886035919189,0.3202,3.6314,0.4768,0.2532,0.0003,0.0029,0.0003,0.0041,0.0021,0.2044,0.0041,0.5003,VarianceParTree,zelnik5_y.zip
8,2,30,5,inf,inf,0.2,0.3844523429870605,0.3202,3.6314,0.4768,0.2532,0.0003,0.0029,0.0003,0.0041,0.0021,0.2044,0.0041,0.5003,VarianceParTree,zelnik5_y.zip
8,2,3,50,1000.0,100.0,0.0,0.2765586376190185,0.3394,251.819,1.0811,0.6297,0.2861,0.4549,0.4453,0.4469,0.3293,0.6953,0.4469,0.5694,VarianceParTree,zelnik5_y.zip
8,2,3,50,1000.0,100.0,0.1,0.2645690441131592,0.3394,251.819,1.0811,0.6297,0.2861,0.4549,0.4453,0.4469,0.3293,0.6953,0.4469,0.5694,VarianceParTree,zelnik5_y.zip
8,2,3,50,1000.0,100.0,0.2,0.2709712982177734,0.3394,251.819,1.0811,0.6297,0.2861,0.4549,0.4453,0.4469,0.3293,0.6953,0.4469,0.5694,VarianceParTree,zelnik5_y.zip
8,2,3,50,1000.0,20.0,0.0,0.2665379047393799,0.3394,251.819,1.0811,0.6297,0.2861,0.4549,0.4453,0.4469,0.3293,0.6953,0.4469,0.5694,VarianceParTree,zelnik5_y.zip
8,2,3,50,1000.0,20.0,0.1,0.2664649486541748,0.3394,251.819,1.0811,0.6297,0.2861,0.4549,0.4453,0.4469,0.3293,0.6953,0.4469,0.5694,VarianceParTree,zelnik5_y.zip
8,2,3,50,1000.0,20.0,0.2,0.2600398063659668,0.3394,251.819,1.0811,0.6297,0.2861,0.4549,0.4453,0.4469,0.3293,0.6953,0.4469,0.5694,VarianceParTree,zelnik5_y.zip
8,2,3,50,1000.0,inf,0.0,0.2708883285522461,0.3202,3.6314,0.4768,0.2532,0.0003,0.0029,0.0003,0.0041,0.0021,0.2044,0.0041,0.5003,VarianceParTree,zelnik5_y.zip
8,2,3,50,1000.0,inf,0.1,0.3959784507751465,0.3202,3.6314,0.4768,0.2532,0.0003,0.0029,0.0003,0.0041,0.0021,0.2044,0.0041,0.5003,VarianceParTree,zelnik5_y.zip
8,2,3,50,1000.0,inf,0.2,0.2610092163085937,0.3202,3.6314,0.4768,0.2532,0.0003,0.0029,0.0003,0.0041,0.0021,0.2044,0.0041,0.5003,VarianceParTree,zelnik5_y.zip
8,2,3,50,100.0,20.0,0.0,0.0632622241973877,0.3352,246.4044,1.0798,0.627,0.2839,0.4532,0.4447,0.4463,0.3281,0.6977,0.4463,0.5694,VarianceParTree,zelnik5_y.zip
8,2,3,50,100.0,20.0,0.1,0.0648527145385742,0.3352,246.4044,1.0798,0.627,0.2839,0.4532,0.4447,0.4463,0.3281,0.6977,0.4463,0.5694,VarianceParTree,zelnik5_y.zip
8,2,3,50,100.0,20.0,0.2,0.0682470798492431,0.3352,246.4044,1.0798,0.627,0.2839,0.4532,0.4447,0.4463,0.3281,0.6977,0.4463,0.5694,VarianceParTree,zelnik5_y.zip
8,2,3,50,inf,100.0,0.0,0.2608168125152588,0.3394,251.819,1.0811,0.6297,0.2861,0.4549,0.4453,0.4469,0.3293,0.6953,0.4469,0.5694,VarianceParTree,zelnik5_y.zip
8,2,3,50,inf,100.0,0.1,0.2643411159515381,0.3394,251.819,1.0811,0.6297,0.2861,0.4549,0.4453,0.4469,0.3293,0.6953,0.4469,0.5694,VarianceParTree,zelnik5_y.zip
8,2,3,50,inf,100.0,0.2,0.2684574127197265,0.3394,251.819,1.0811,0.6297,0.2861,0.4549,0.4453,0.4469,0.3293,0.6953,0.4469,0.5694,VarianceParTree,zelnik5_y.zip
8,2,3,50,inf,20.0,0.0,0.2791180610656738,0.3394,251.819,1.0811,0.6297,0.2861,0.4549,0.4453,0.4469,0.3293,0.6953,0.4469,0.5694,VarianceParTree,zelnik5_y.zip
8,2,3,50,inf,20.0,0.1,0.2636539936065674,0.3394,251.819,1.0811,0.6297,0.2861,0.4549,0.4453,0.4469,0.3293,0.6953,0.4469,0.5694,VarianceParTree,zelnik5_y.zip
8,2,3,50,inf,20.0,0.2,0.2780988216400146,0.3394,251.819,1.0811,0.6297,0.2861,0.4549,0.4453,0.4469,0.3293,0.6953,0.4469,0.5694,VarianceParTree,zelnik5_y.zip
8,2,3,50,inf,inf,0.0,0.3944559097290039,0.3202,3.6314,0.4768,0.2532,0.0003,0.0029,0.0003,0.0041,0.0021,0.2044,0.0041,0.5003,VarianceParTree,zelnik5_y.zip
8,2,3,50,inf,inf,0.1,0.2656919956207275,0.3202,3.6314,0.4768,0.2532,0.0003,0.0029,0.0003,0.0041,0.0021,0.2044,0.0041,0.5003,VarianceParTree,zelnik5_y.zip
8,2,3,50,inf,inf,0.2,0.2667391300201416,0.3202,3.6314,0.4768,0.2532,0.0003,0.0029,0.0003,0.0041,0.0021,0.2044,0.0041,0.5003,VarianceParTree,zelnik5_y.zip
8,2,3,5,1000.0,100.0,0.0,0.262725830078125,0.3394,251.819,1.0811,0.6297,0.2861,0.4549,0.4453,0.4469,0.3293,0.6953,0.4469,0.5694,VarianceParTree,zelnik5_y.zip
8,2,3,5,1000.0,100.0,0.1,0.2704017162322998,0.3394,251.819,1.0811,0.6297,0.2861,0.4549,0.4453,0.4469,0.3293,0.6953,0.4469,0.5694,VarianceParTree,zelnik5_y.zip
8,2,3,5,1000.0,100.0,0.2,0.2594785690307617,0.3394,251.819,1.0811,0.6297,0.2861,0.4549,0.4453,0.4469,0.3293,0.6953,0.4469,0.5694,VarianceParTree,zelnik5_y.zip
8,2,3,5,1000.0,20.0,0.0,0.2609586715698242,0.3394,251.819,1.0811,0.6297,0.2861,0.4549,0.4453,0.4469,0.3293,0.6953,0.4469,0.5694,VarianceParTree,zelnik5_y.zip
8,2,3,5,1000.0,20.0,0.1,0.314990758895874,0.3394,251.819,1.0811,0.6297,0.2861,0.4549,0.4453,0.4469,0.3293,0.6953,0.4469,0.5694,VarianceParTree,zelnik5_y.zip
8,2,3,5,1000.0,20.0,0.2,0.2689907550811767,0.3394,251.819,1.0811,0.6297,0.2861,0.4549,0.4453,0.4469,0.3293,0.6953,0.4469,0.5694,VarianceParTree,zelnik5_y.zip
8,2,3,5,1000.0,inf,0.0,0.2655291557312011,0.3202,3.6314,0.4768,0.2532,0.0003,0.0029,0.0003,0.0041,0.0021,0.2044,0.0041,0.5003,VarianceParTree,zelnik5_y.zip
8,2,3,5,1000.0,inf,0.1,0.2681837081909179,0.3202,3.6314,0.4768,0.2532,0.0003,0.0029,0.0003,0.0041,0.0021,0.2044,0.0041,0.5003,VarianceParTree,zelnik5_y.zip
8,2,3,5,1000.0,inf,0.2,0.2720210552215576,0.3202,3.6314,0.4768,0.2532,0.0003,0.0029,0.0003,0.0041,0.0021,0.2044,0.0041,0.5003,VarianceParTree,zelnik5_y.zip
8,2,3,5,100.0,20.0,0.0,0.0644843578338623,0.3352,246.4044,1.0798,0.627,0.2839,0.4532,0.4447,0.4463,0.3281,0.6977,0.4463,0.5694,VarianceParTree,zelnik5_y.zip
8,2,3,5,100.0,20.0,0.1,0.0631196498870849,0.3352,246.4044,1.0798,0.627,0.2839,0.4532,0.4447,0.4463,0.3281,0.6977,0.4463,0.5694,VarianceParTree,zelnik5_y.zip
8,2,3,5,100.0,20.0,0.2,0.0621755123138427,0.3352,246.4044,1.0798,0.627,0.2839,0.4532,0.4447,0.4463,0.3281,0.6977,0.4463,0.5694,VarianceParTree,zelnik5_y.zip
8,2,3,5,inf,100.0,0.0,0.2720410823822021,0.3394,251.819,1.0811,0.6297,0.2861,0.4549,0.4453,0.4469,0.3293,0.6953,0.4469,0.5694,VarianceParTree,zelnik5_y.zip
8,2,3,5,inf,100.0,0.1,0.2729597091674804,0.3394,251.819,1.0811,0.6297,0.2861,0.4549,0.4453,0.4469,0.3293,0.6953,0.4469,0.5694,VarianceParTree,zelnik5_y.zip
8,2,3,5,inf,100.0,0.2,0.2668066024780273,0.3394,251.819,1.0811,0.6297,0.2861,0.4549,0.4453,0.4469,0.3293,0.6953,0.4469,0.5694,VarianceParTree,zelnik5_y.zip
8,2,3,5,inf,20.0,0.0,0.2688238620758056,0.3394,251.819,1.0811,0.6297,0.2861,0.4549,0.4453,0.4469,0.3293,0.6953,0.4469,0.5694,VarianceParTree,zelnik5_y.zip
8,2,3,5,inf,20.0,0.1,0.2667584419250488,0.3394,251.819,1.0811,0.6297,0.2861,0.4549,0.4453,0.4469,0.3293,0.6953,0.4469,0.5694,VarianceParTree,zelnik5_y.zip
8,2,3,5,inf,20.0,0.2,0.2713899612426758,0.3394,251.819,1.0811,0.6297,0.2861,0.4549,0.4453,0.4469,0.3293,0.6953,0.4469,0.5694,VarianceParTree,zelnik5_y.zip
8,2,3,5,inf,inf,0.0,0.2617335319519043,0.3202,3.6314,0.4768,0.2532,0.0003,0.0029,0.0003,0.0041,0.0021,0.2044,0.0041,0.5003,VarianceParTree,zelnik5_y.zip
8,2,3,5,inf,inf,0.1,0.2640950679779053,0.3202,3.6314,0.4768,0.2532,0.0003,0.0029,0.0003,0.0041,0.0021,0.2044,0.0041,0.5003,VarianceParTree,zelnik5_y.zip
8,2,3,5,inf,inf,0.2,0.3873233795166015,0.3202,3.6314,0.4768,0.2532,0.0003,0.0029,0.0003,0.0041,0.0021,0.2044,0.0041,0.5003,VarianceParTree,zelnik5_y.zip
8,4,30,50,1000.0,100.0,0.0,0.6828360557556152,0.3004,289.7329,1.085,0.7429,0.329,0.5553,0.4019,0.4058,0.402,0.4097,0.4058,0.5023,VarianceParTree,zelnik5_y.zip
8,4,30,50,1000.0,100.0,0.1,0.6943483352661133,0.3004,289.7329,1.085,0.7429,0.329,0.5553,0.4019,0.4058,0.402,0.4097,0.4058,0.5023,VarianceParTree,zelnik5_y.zip
8,4,30,50,1000.0,100.0,0.2,0.8221375942230225,0.3004,289.7329,1.085,0.7429,0.329,0.5553,0.4019,0.4058,0.402,0.4097,0.4058,0.5023,VarianceParTree,zelnik5_y.zip
8,4,30,50,1000.0,20.0,0.0,0.6980397701263428,0.3004,289.7329,1.085,0.7429,0.329,0.5553,0.4019,0.4058,0.402,0.4097,0.4058,0.5023,VarianceParTree,zelnik5_y.zip
8,4,30,50,1000.0,20.0,0.1,0.8354206085205078,0.3004,289.7329,1.085,0.7429,0.329,0.5553,0.4019,0.4058,0.402,0.4097,0.4058,0.5023,VarianceParTree,zelnik5_y.zip
8,4,30,50,1000.0,20.0,0.2,0.6991751194000244,0.3004,289.7329,1.085,0.7429,0.329,0.5553,0.4019,0.4058,0.402,0.4097,0.4058,0.5023,VarianceParTree,zelnik5_y.zip
8,4,30,50,1000.0,inf,0.0,0.7977612018585205,0.3107,3.5768,0.4808,0.2575,0.0008,0.0087,0.0008,0.0122,0.0063,0.2054,0.0122,0.4987,VarianceParTree,zelnik5_y.zip
8,4,30,50,1000.0,inf,0.1,0.9206416606903076,0.3107,3.5768,0.4808,0.2575,0.0008,0.0087,0.0008,0.0122,0.0063,0.2054,0.0122,0.4987,VarianceParTree,zelnik5_y.zip
8,4,30,50,1000.0,inf,0.2,0.8006722927093506,0.3107,3.5768,0.4808,0.2575,0.0008,0.0087,0.0008,0.0122,0.0063,0.2054,0.0122,0.4987,VarianceParTree,zelnik5_y.zip
8,4,30,50,100.0,20.0,0.0,0.1686198711395263,0.2306,270.7353,1.3757,0.7675,0.4236,0.7183,0.5431,0.5462,0.52,0.5751,0.5462,0.5854,VarianceParTree,zelnik5_y.zip
8,4,30,50,100.0,20.0,0.1,0.1776459217071533,0.2306,270.7353,1.3757,0.7675,0.4236,0.7183,0.5431,0.5462,0.52,0.5751,0.5462,0.5854,VarianceParTree,zelnik5_y.zip
8,4,30,50,100.0,20.0,0.2,0.1700711250305175,0.2306,270.7353,1.3757,0.7675,0.4236,0.7183,0.5431,0.5462,0.52,0.5751,0.5462,0.5854,VarianceParTree,zelnik5_y.zip
8,4,30,50,inf,100.0,0.0,0.7156493663787842,0.3004,289.7329,1.085,0.7429,0.329,0.5553,0.4019,0.4058,0.402,0.4097,0.4058,0.5023,VarianceParTree,zelnik5_y.zip
8,4,30,50,inf,100.0,0.1,0.822272539138794,0.3004,289.7329,1.085,0.7429,0.329,0.5553,0.4019,0.4058,0.402,0.4097,0.4058,0.5023,VarianceParTree,zelnik5_y.zip
8,4,30,50,inf,100.0,0.2,0.710982084274292,0.3004,289.7329,1.085,0.7429,0.329,0.5553,0.4019,0.4058,0.402,0.4097,0.4058,0.5023,VarianceParTree,zelnik5_y.zip
8,4,30,50,inf,20.0,0.0,0.8405551910400391,0.3004,289.7329,1.085,0.7429,0.329,0.5553,0.4019,0.4058,0.402,0.4097,0.4058,0.5023,VarianceParTree,zelnik5_y.zip
8,4,30,50,inf,20.0,0.1,0.7110316753387451,0.3004,289.7329,1.085,0.7429,0.329,0.5553,0.4019,0.4058,0.402,0.4097,0.4058,0.5023,VarianceParTree,zelnik5_y.zip
8,4,30,50,inf,20.0,0.2,0.7065680027008057,0.3004,289.7329,1.085,0.7429,0.329,0.5553,0.4019,0.4058,0.402,0.4097,0.4058,0.5023,VarianceParTree,zelnik5_y.zip
8,4,30,50,inf,inf,0.0,0.9017205238342284,0.3107,3.5768,0.4808,0.2575,0.0008,0.0087,0.0008,0.0122,0.0063,0.2054,0.0122,0.4987,VarianceParTree,zelnik5_y.zip
8,4,30,50,inf,inf,0.1,0.7938108444213867,0.3107,3.5768,0.4808,0.2575,0.0008,0.0087,0.0008,0.0122,0.0063,0.2054,0.0122,0.4987,VarianceParTree,zelnik5_y.zip
8,4,30,50,inf,inf,0.2,0.7842395305633545,0.3107,3.5768,0.4808,0.2575,0.0008,0.0087,0.0008,0.0122,0.0063,0.2054,0.0122,0.4987,VarianceParTree,zelnik5_y.zip
8,4,30,5,1000.0,100.0,0.0,0.8324563503265381,0.3004,289.7329,1.085,0.7429,0.329,0.5553,0.4019,0.4058,0.402,0.4097,0.4058,0.5023,VarianceParTree,zelnik5_y.zip
8,4,30,5,1000.0,100.0,0.1,0.7045056819915771,0.3004,289.7329,1.085,0.7429,0.329,0.5553,0.4019,0.4058,0.402,0.4097,0.4058,0.5023,VarianceParTree,zelnik5_y.zip
8,4,30,5,1000.0,100.0,0.2,0.7017121315002441,0.3004,289.7329,1.085,0.7429,0.329,0.5553,0.4019,0.4058,0.402,0.4097,0.4058,0.5023,VarianceParTree,zelnik5_y.zip
8,4,30,5,1000.0,20.0,0.0,0.8570797443389893,0.3004,289.7329,1.085,0.7429,0.329,0.5553,0.4019,0.4058,0.402,0.4097,0.4058,0.5023,VarianceParTree,zelnik5_y.zip
8,4,30,5,1000.0,20.0,0.1,0.7101266384124756,0.3004,289.7329,1.085,0.7429,0.329,0.5553,0.4019,0.4058,0.402,0.4097,0.4058,0.5023,VarianceParTree,zelnik5_y.zip
8,4,30,5,1000.0,20.0,0.2,0.6823716163635254,0.3004,289.7329,1.085,0.7429,0.329,0.5553,0.4019,0.4058,0.402,0.4097,0.4058,0.5023,VarianceParTree,zelnik5_y.zip
8,4,30,5,1000.0,inf,0.0,0.8067684173583984,0.3107,3.5768,0.4808,0.2575,0.0008,0.0087,0.0008,0.0122,0.0063,0.2054,0.0122,0.4987,VarianceParTree,zelnik5_y.zip
8,4,30,5,1000.0,inf,0.1,0.8128683567047119,0.3107,3.5768,0.4808,0.2575,0.0008,0.0087,0.0008,0.0122,0.0063,0.2054,0.0122,0.4987,VarianceParTree,zelnik5_y.zip
8,4,30,5,1000.0,inf,0.2,0.8105189800262451,0.3107,3.5768,0.4808,0.2575,0.0008,0.0087,0.0008,0.0122,0.0063,0.2054,0.0122,0.4987,VarianceParTree,zelnik5_y.zip
8,4,30,5,100.0,20.0,0.0,0.183096170425415,0.2306,270.7353,1.3757,0.7675,0.4236,0.7183,0.5431,0.5462,0.52,0.5751,0.5462,0.5854,VarianceParTree,zelnik5_y.zip
8,4,30,5,100.0,20.0,0.1,0.1778662204742431,0.2306,270.7353,1.3757,0.7675,0.4236,0.7183,0.5431,0.5462,0.52,0.5751,0.5462,0.5854,VarianceParTree,zelnik5_y.zip
8,4,30,5,100.0,20.0,0.2,0.1794662475585937,0.2306,270.7353,1.3757,0.7675,0.4236,0.7183,0.5431,0.5462,0.52,0.5751,0.5462,0.5854,VarianceParTree,zelnik5_y.zip
8,4,30,5,inf,100.0,0.0,0.7124228477478027,0.3004,289.7329,1.085,0.7429,0.329,0.5553,0.4019,0.4058,0.402,0.4097,0.4058,0.5023,VarianceParTree,zelnik5_y.zip
8,4,30,5,inf,100.0,0.1,0.7127699851989746,0.3004,289.7329,1.085,0.7429,0.329,0.5553,0.4019,0.4058,0.402,0.4097,0.4058,0.5023,VarianceParTree,zelnik5_y.zip
8,4,30,5,inf,100.0,0.2,0.8298063278198242,0.3004,289.7329,1.085,0.7429,0.329,0.5553,0.4019,0.4058,0.402,0.4097,0.4058,0.5023,VarianceParTree,zelnik5_y.zip
8,4,30,5,inf,20.0,0.0,0.7422695159912109,0.3004,289.7329,1.085,0.7429,0.329,0.5553,0.4019,0.4058,0.402,0.4097,0.4058,0.5023,VarianceParTree,zelnik5_y.zip
8,4,30,5,inf,20.0,0.1,0.7034127712249756,0.3004,289.7329,1.085,0.7429,0.329,0.5553,0.4019,0.4058,0.402,0.4097,0.4058,0.5023,VarianceParTree,zelnik5_y.zip
8,4,30,5,inf,20.0,0.2,0.8402454853057861,0.3004,289.7329,1.085,0.7429,0.329,0.5553,0.4019,0.4058,0.402,0.4097,0.4058,0.5023,VarianceParTree,zelnik5_y.zip
8,4,30,5,inf,inf,0.0,0.7944276332855225,0.3107,3.5768,0.4808,0.2575,0.0008,0.0087,0.0008,0.0122,0.0063,0.2054,0.0122,0.4987,VarianceParTree,zelnik5_y.zip
8,4,30,5,inf,inf,0.1,0.9121675491333008,0.3107,3.5768,0.4808,0.2575,0.0008,0.0087,0.0008,0.0122,0.0063,0.2054,0.0122,0.4987,VarianceParTree,zelnik5_y.zip
8,4,30,5,inf,inf,0.2,0.798891544342041,0.3107,3.5768,0.4808,0.2575,0.0008,0.0087,0.0008,0.0122,0.0063,0.2054,0.0122,0.4987,VarianceParTree,zelnik5_y.zip
8,4,3,50,1000.0,100.0,0.0,0.6854112148284912,0.3004,289.7329,1.085,0.7429,0.329,0.5553,0.4019,0.4058,0.402,0.4097,0.4058,0.5023,VarianceParTree,zelnik5_y.zip
8,4,3,50,1000.0,100.0,0.1,0.8192510604858398,0.3004,289.7329,1.085,0.7429,0.329,0.5553,0.4019,0.4058,0.402,0.4097,0.4058,0.5023,VarianceParTree,zelnik5_y.zip
8,4,3,50,1000.0,100.0,0.2,0.7004764080047607,0.3004,289.7329,1.085,0.7429,0.329,0.5553,0.4019,0.4058,0.402,0.4097,0.4058,0.5023,VarianceParTree,zelnik5_y.zip
8,4,3,50,1000.0,20.0,0.0,0.7155718803405762,0.3004,289.7329,1.085,0.7429,0.329,0.5553,0.4019,0.4058,0.402,0.4097,0.4058,0.5023,VarianceParTree,zelnik5_y.zip
8,4,3,50,1000.0,20.0,0.1,0.8338508605957031,0.3004,289.7329,1.085,0.7429,0.329,0.5553,0.4019,0.4058,0.402,0.4097,0.4058,0.5023,VarianceParTree,zelnik5_y.zip
8,4,3,50,1000.0,20.0,0.2,0.6938796043395996,0.3004,289.7329,1.085,0.7429,0.329,0.5553,0.4019,0.4058,0.402,0.4097,0.4058,0.5023,VarianceParTree,zelnik5_y.zip
8,4,3,50,1000.0,inf,0.0,0.760084867477417,0.3107,3.5768,0.4808,0.2575,0.0008,0.0087,0.0008,0.0122,0.0063,0.2054,0.0122,0.4987,VarianceParTree,zelnik5_y.zip
8,4,3,50,1000.0,inf,0.1,0.95342755317688,0.3107,3.5768,0.4808,0.2575,0.0008,0.0087,0.0008,0.0122,0.0063,0.2054,0.0122,0.4987,VarianceParTree,zelnik5_y.zip
8,4,3,50,1000.0,inf,0.2,0.7955067157745361,0.3107,3.5768,0.4808,0.2575,0.0008,0.0087,0.0008,0.0122,0.0063,0.2054,0.0122,0.4987,VarianceParTree,zelnik5_y.zip
8,4,3,50,100.0,20.0,0.0,0.1759166717529297,0.2306,270.7353,1.3757,0.7675,0.4236,0.7183,0.5431,0.5462,0.52,0.5751,0.5462,0.5854,VarianceParTree,zelnik5_y.zip
8,4,3,50,100.0,20.0,0.1,0.1715583801269531,0.2306,270.7353,1.3757,0.7675,0.4236,0.7183,0.5431,0.5462,0.52,0.5751,0.5462,0.5854,VarianceParTree,zelnik5_y.zip
8,4,3,50,100.0,20.0,0.2,0.1741790771484375,0.2306,270.7353,1.3757,0.7675,0.4236,0.7183,0.5431,0.5462,0.52,0.5751,0.5462,0.5854,VarianceParTree,zelnik5_y.zip
8,4,3,50,inf,100.0,0.0,0.8160521984100342,0.3004,289.7329,1.085,0.7429,0.329,0.5553,0.4019,0.4058,0.402,0.4097,0.4058,0.5023,VarianceParTree,zelnik5_y.zip
8,4,3,50,inf,100.0,0.1,0.711491584777832,0.3004,289.7329,1.085,0.7429,0.329,0.5553,0.4019,0.4058,0.402,0.4097,0.4058,0.5023,VarianceParTree,zelnik5_y.zip
8,4,3,50,inf,100.0,0.2,0.7096045017242432,0.3004,289.7329,1.085,0.7429,0.329,0.5553,0.4019,0.4058,0.402,0.4097,0.4058,0.5023,VarianceParTree,zelnik5_y.zip
8,4,3,50,inf,20.0,0.0,0.8194236755371094,0.3004,289.7329,1.085,0.7429,0.329,0.5553,0.4019,0.4058,0.402,0.4097,0.4058,0.5023,VarianceParTree,zelnik5_y.zip
8,4,3,50,inf,20.0,0.1,0.7116844654083252,0.3004,289.7329,1.085,0.7429,0.329,0.5553,0.4019,0.4058,0.402,0.4097,0.4058,0.5023,VarianceParTree,zelnik5_y.zip
8,4,3,50,inf,20.0,0.2,0.6986851692199707,0.3004,289.7329,1.085,0.7429,0.329,0.5553,0.4019,0.4058,0.402,0.4097,0.4058,0.5023,VarianceParTree,zelnik5_y.zip
8,4,3,50,inf,inf,0.0,0.9062628746032716,0.3107,3.5768,0.4808,0.2575,0.0008,0.0087,0.0008,0.0122,0.0063,0.2054,0.0122,0.4987,VarianceParTree,zelnik5_y.zip
8,4,3,50,inf,inf,0.1,0.8014206886291504,0.3107,3.5768,0.4808,0.2575,0.0008,0.0087,0.0008,0.0122,0.0063,0.2054,0.0122,0.4987,VarianceParTree,zelnik5_y.zip
8,4,3,50,inf,inf,0.2,0.7901113033294678,0.3107,3.5768,0.4808,0.2575,0.0008,0.0087,0.0008,0.0122,0.0063,0.2054,0.0122,0.4987,VarianceParTree,zelnik5_y.zip
8,4,3,5,1000.0,100.0,0.0,0.7037720680236816,0.3004,289.7329,1.085,0.7429,0.329,0.5553,0.4019,0.4058,0.402,0.4097,0.4058,0.5023,VarianceParTree,zelnik5_y.zip
8,4,3,5,1000.0,100.0,0.1,0.76267409324646,0.3004,289.7329,1.085,0.7429,0.329,0.5553,0.4019,0.4058,0.402,0.4097,0.4058,0.5023,VarianceParTree,zelnik5_y.zip
8,4,3,5,1000.0,100.0,0.2,0.7116110324859619,0.3004,289.7329,1.085,0.7429,0.329,0.5553,0.4019,0.4058,0.402,0.4097,0.4058,0.5023,VarianceParTree,zelnik5_y.zip
8,4,3,5,1000.0,20.0,0.0,0.7572836875915527,0.3004,289.7329,1.085,0.7429,0.329,0.5553,0.4019,0.4058,0.402,0.4097,0.4058,0.5023,VarianceParTree,zelnik5_y.zip
8,4,3,5,1000.0,20.0,0.1,0.6826632022857666,0.3004,289.7329,1.085,0.7429,0.329,0.5553,0.4019,0.4058,0.402,0.4097,0.4058,0.5023,VarianceParTree,zelnik5_y.zip
8,4,3,5,1000.0,20.0,0.2,0.7316458225250244,0.3004,289.7329,1.085,0.7429,0.329,0.5553,0.4019,0.4058,0.402,0.4097,0.4058,0.5023,VarianceParTree,zelnik5_y.zip
8,4,3,5,1000.0,inf,0.0,0.7778792381286621,0.3107,3.5768,0.4808,0.2575,0.0008,0.0087,0.0008,0.0122,0.0063,0.2054,0.0122,0.4987,VarianceParTree,zelnik5_y.zip
8,4,3,5,1000.0,inf,0.1,0.7875723838806152,0.3107,3.5768,0.4808,0.2575,0.0008,0.0087,0.0008,0.0122,0.0063,0.2054,0.0122,0.4987,VarianceParTree,zelnik5_y.zip
8,4,3,5,1000.0,inf,0.2,0.790999174118042,0.3107,3.5768,0.4808,0.2575,0.0008,0.0087,0.0008,0.0122,0.0063,0.2054,0.0122,0.4987,VarianceParTree,zelnik5_y.zip
8,4,3,5,100.0,20.0,0.0,0.1945471763610839,0.2306,270.7353,1.3757,0.7675,0.4236,0.7183,0.5431,0.5462,0.52,0.5751,0.5462,0.5854,VarianceParTree,zelnik5_y.zip
8,4,3,5,100.0,20.0,0.1,0.2349429130554199,0.2306,270.7353,1.3757,0.7675,0.4236,0.7183,0.5431,0.5462,0.52,0.5751,0.5462,0.5854,VarianceParTree,zelnik5_y.zip
8,4,3,5,100.0,20.0,0.2,0.1714100837707519,0.2306,270.7353,1.3757,0.7675,0.4236,0.7183,0.5431,0.5462,0.52,0.5751,0.5462,0.5854,VarianceParTree,zelnik5_y.zip
8,4,3,5,inf,100.0,0.0,0.705852746963501,0.3004,289.7329,1.085,0.7429,0.329,0.5553,0.4019,0.4058,0.402,0.4097,0.4058,0.5023,VarianceParTree,zelnik5_y.zip
8,4,3,5,inf,100.0,0.1,0.6965267658233643,0.3004,289.7329,1.085,0.7429,0.329,0.5553,0.4019,0.4058,0.402,0.4097,0.4058,0.5023,VarianceParTree,zelnik5_y.zip
8,4,3,5,inf,100.0,0.2,0.8289227485656738,0.3004,289.7329,1.085,0.7429,0.329,0.5553,0.4019,0.4058,0.402,0.4097,0.4058,0.5023,VarianceParTree,zelnik5_y.zip
8,4,3,5,inf,20.0,0.0,0.6954567432403564,0.3004,289.7329,1.085,0.7429,0.329,0.5553,0.4019,0.4058,0.402,0.4097,0.4058,0.5023,VarianceParTree,zelnik5_y.zip
8,4,3,5,inf,20.0,0.1,0.6899223327636719,0.3004,289.7329,1.085,0.7429,0.329,0.5553,0.4019,0.4058,0.402,0.4097,0.4058,0.5023,VarianceParTree,zelnik5_y.zip
8,4,3,5,inf,20.0,0.2,0.804307222366333,0.3004,289.7329,1.085,0.7429,0.329,0.5553,0.4019,0.4058,0.402,0.4097,0.4058,0.5023,VarianceParTree,zelnik5_y.zip
8,4,3,5,inf,inf,0.0,0.7966947555541992,0.3107,3.5768,0.4808,0.2575,0.0008,0.0087,0.0008,0.0122,0.0063,0.2054,0.0122,0.4987,VarianceParTree,zelnik5_y.zip
8,4,3,5,inf,inf,0.1,0.9103055000305176,0.3107,3.5768,0.4808,0.2575,0.0008,0.0087,0.0008,0.0122,0.0063,0.2054,0.0122,0.4987,VarianceParTree,zelnik5_y.zip
8,4,3,5,inf,inf,0.2,0.774322509765625,0.3107,3.5768,0.4808,0.2575,0.0008,0.0087,0.0008,0.0122,0.0063,0.2054,0.0122,0.4987,VarianceParTree,zelnik5_y.zip
8,6,30,50,1000.0,100.0,0.0,1.0878431797027588,0.1897,245.5155,1.2806,0.7441,0.2642,0.6039,0.3903,0.3964,0.4372,0.3626,0.3964,0.4289,VarianceParTree,zelnik5_y.zip
8,6,30,50,1000.0,100.0,0.1,1.209693193435669,0.1897,245.5155,1.2806,0.7441,0.2642,0.6039,0.3903,0.3964,0.4372,0.3626,0.3964,0.4289,VarianceParTree,zelnik5_y.zip
8,6,30,50,1000.0,100.0,0.2,1.0663714408874512,0.1897,245.5155,1.2806,0.7441,0.2642,0.6039,0.3903,0.3964,0.4372,0.3626,0.3964,0.4289,VarianceParTree,zelnik5_y.zip
8,6,30,50,1000.0,20.0,0.0,1.0797419548034668,0.1897,245.5155,1.2806,0.7441,0.2642,0.6039,0.3903,0.3964,0.4372,0.3626,0.3964,0.4289,VarianceParTree,zelnik5_y.zip
8,6,30,50,1000.0,20.0,0.1,1.1867034435272217,0.1897,245.5155,1.2806,0.7441,0.2642,0.6039,0.3903,0.3964,0.4372,0.3626,0.3964,0.4289,VarianceParTree,zelnik5_y.zip
8,6,30,50,1000.0,20.0,0.2,1.090815782546997,0.1897,245.5155,1.2806,0.7441,0.2642,0.6039,0.3903,0.3964,0.4372,0.3626,0.3964,0.4289,VarianceParTree,zelnik5_y.zip
8,6,30,50,1000.0,inf,0.0,1.4032213687896729,0.3047,3.5878,0.4805,0.2618,0.0014,0.0146,0.0015,0.0201,0.0106,0.2064,0.0201,0.4972,VarianceParTree,zelnik5_y.zip
8,6,30,50,1000.0,inf,0.1,1.2699716091156006,0.3047,3.5878,0.4805,0.2618,0.0014,0.0146,0.0015,0.0201,0.0106,0.2064,0.0201,0.4972,VarianceParTree,zelnik5_y.zip
8,6,30,50,1000.0,inf,0.2,1.4153549671173096,0.3047,3.5878,0.4805,0.2618,0.0014,0.0146,0.0015,0.0201,0.0106,0.2064,0.0201,0.4972,VarianceParTree,zelnik5_y.zip
8,6,30,50,100.0,20.0,0.0,0.382418155670166,0.1873,239.6841,1.4755,0.7749,0.383,0.7566,0.5071,0.5122,0.5477,0.481,0.5122,0.5311,VarianceParTree,zelnik5_y.zip
8,6,30,50,100.0,20.0,0.1,0.2506711483001709,0.1873,239.6841,1.4755,0.7749,0.383,0.7566,0.5071,0.5122,0.5477,0.481,0.5122,0.5311,VarianceParTree,zelnik5_y.zip
8,6,30,50,100.0,20.0,0.2,0.2567758560180664,0.1873,239.6841,1.4755,0.7749,0.383,0.7566,0.5071,0.5122,0.5477,0.481,0.5122,0.5311,VarianceParTree,zelnik5_y.zip
8,6,30,50,inf,100.0,0.0,1.0953960418701172,0.1897,245.5155,1.2806,0.7441,0.2642,0.6039,0.3903,0.3964,0.4372,0.3626,0.3964,0.4289,VarianceParTree,zelnik5_y.zip
8,6,30,50,inf,100.0,0.1,1.2306287288665771,0.1897,245.5155,1.2806,0.7441,0.2642,0.6039,0.3903,0.3964,0.4372,0.3626,0.3964,0.4289,VarianceParTree,zelnik5_y.zip
8,6,30,50,inf,100.0,0.2,1.0443742275238037,0.1897,245.5155,1.2806,0.7441,0.2642,0.6039,0.3903,0.3964,0.4372,0.3626,0.3964,0.4289,VarianceParTree,zelnik5_y.zip
8,6,30,50,inf,20.0,0.0,1.2052316665649414,0.1897,245.5155,1.2806,0.7441,0.2642,0.6039,0.3903,0.3964,0.4372,0.3626,0.3964,0.4289,VarianceParTree,zelnik5_y.zip
8,6,30,50,inf,20.0,0.1,1.0468714237213137,0.1897,245.5155,1.2806,0.7441,0.2642,0.6039,0.3903,0.3964,0.4372,0.3626,0.3964,0.4289,VarianceParTree,zelnik5_y.zip
8,6,30,50,inf,20.0,0.2,1.2492148876190186,0.1897,245.5155,1.2806,0.7441,0.2642,0.6039,0.3903,0.3964,0.4372,0.3626,0.3964,0.4289,VarianceParTree,zelnik5_y.zip
8,6,30,50,inf,inf,0.0,1.2787189483642578,0.3047,3.5878,0.4805,0.2618,0.0014,0.0146,0.0015,0.0201,0.0106,0.2064,0.0201,0.4972,VarianceParTree,zelnik5_y.zip
8,6,30,50,inf,inf,0.1,1.4157803058624268,0.3047,3.5878,0.4805,0.2618,0.0014,0.0146,0.0015,0.0201,0.0106,0.2064,0.0201,0.4972,VarianceParTree,zelnik5_y.zip
8,6,30,50,inf,inf,0.2,1.2789342403411863,0.3047,3.5878,0.4805,0.2618,0.0014,0.0146,0.0015,0.0201,0.0106,0.2064,0.0201,0.4972,VarianceParTree,zelnik5_y.zip
8,6,30,5,1000.0,100.0,0.0,1.2127840518951416,0.1897,245.5155,1.2806,0.7441,0.2642,0.6039,0.3903,0.3964,0.4372,0.3626,0.3964,0.4289,VarianceParTree,zelnik5_y.zip
8,6,30,5,1000.0,100.0,0.1,1.085887432098389,0.1897,245.5155,1.2806,0.7441,0.2642,0.6039,0.3903,0.3964,0.4372,0.3626,0.3964,0.4289,VarianceParTree,zelnik5_y.zip
8,6,30,5,1000.0,100.0,0.2,1.2268376350402832,0.1897,245.5155,1.2806,0.7441,0.2642,0.6039,0.3903,0.3964,0.4372,0.3626,0.3964,0.4289,VarianceParTree,zelnik5_y.zip
8,6,30,5,1000.0,20.0,0.0,1.0931930541992188,0.1897,245.5155,1.2806,0.7441,0.2642,0.6039,0.3903,0.3964,0.4372,0.3626,0.3964,0.4289,VarianceParTree,zelnik5_y.zip
8,6,30,5,1000.0,20.0,0.1,1.225050449371338,0.1897,245.5155,1.2806,0.7441,0.2642,0.6039,0.3903,0.3964,0.4372,0.3626,0.3964,0.4289,VarianceParTree,zelnik5_y.zip
8,6,30,5,1000.0,20.0,0.2,1.0879724025726318,0.1897,245.5155,1.2806,0.7441,0.2642,0.6039,0.3903,0.3964,0.4372,0.3626,0.3964,0.4289,VarianceParTree,zelnik5_y.zip
8,6,30,5,1000.0,inf,0.0,1.4231781959533691,0.3047,3.5878,0.4805,0.2618,0.0014,0.0146,0.0015,0.0201,0.0106,0.2064,0.0201,0.4972,VarianceParTree,zelnik5_y.zip
8,6,30,5,1000.0,inf,0.1,1.3356330394744873,0.3047,3.5878,0.4805,0.2618,0.0014,0.0146,0.0015,0.0201,0.0106,0.2064,0.0201,0.4972,VarianceParTree,zelnik5_y.zip
8,6,30,5,1000.0,inf,0.2,1.4226555824279783,0.3047,3.5878,0.4805,0.2618,0.0014,0.0146,0.0015,0.0201,0.0106,0.2064,0.0201,0.4972,VarianceParTree,zelnik5_y.zip
8,6,30,5,100.0,20.0,0.0,0.255596399307251,0.1873,239.6841,1.4755,0.7749,0.383,0.7566,0.5071,0.5122,0.5477,0.481,0.5122,0.5311,VarianceParTree,zelnik5_y.zip
8,6,30,5,100.0,20.0,0.1,0.2559750080108642,0.1873,239.6841,1.4755,0.7749,0.383,0.7566,0.5071,0.5122,0.5477,0.481,0.5122,0.5311,VarianceParTree,zelnik5_y.zip
8,6,30,5,100.0,20.0,0.2,0.2565445899963379,0.1873,239.6841,1.4755,0.7749,0.383,0.7566,0.5071,0.5122,0.5477,0.481,0.5122,0.5311,VarianceParTree,zelnik5_y.zip
8,6,30,5,inf,100.0,0.0,1.101830244064331,0.1897,245.5155,1.2806,0.7441,0.2642,0.6039,0.3903,0.3964,0.4372,0.3626,0.3964,0.4289,VarianceParTree,zelnik5_y.zip
8,6,30,5,inf,100.0,0.1,1.2069814205169678,0.1897,245.5155,1.2806,0.7441,0.2642,0.6039,0.3903,0.3964,0.4372,0.3626,0.3964,0.4289,VarianceParTree,zelnik5_y.zip
8,6,30,5,inf,100.0,0.2,1.0772044658660889,0.1897,245.5155,1.2806,0.7441,0.2642,0.6039,0.3903,0.3964,0.4372,0.3626,0.3964,0.4289,VarianceParTree,zelnik5_y.zip
8,6,30,5,inf,20.0,0.0,1.1963768005371094,0.1897,245.5155,1.2806,0.7441,0.2642,0.6039,0.3903,0.3964,0.4372,0.3626,0.3964,0.4289,VarianceParTree,zelnik5_y.zip
8,6,30,5,inf,20.0,0.1,1.060199737548828,0.1897,245.5155,1.2806,0.7441,0.2642,0.6039,0.3903,0.3964,0.4372,0.3626,0.3964,0.4289,VarianceParTree,zelnik5_y.zip
8,6,30,5,inf,20.0,0.2,1.184831142425537,0.1897,245.5155,1.2806,0.7441,0.2642,0.6039,0.3903,0.3964,0.4372,0.3626,0.3964,0.4289,VarianceParTree,zelnik5_y.zip
8,6,30,5,inf,inf,0.0,1.3030786514282229,0.3047,3.5878,0.4805,0.2618,0.0014,0.0146,0.0015,0.0201,0.0106,0.2064,0.0201,0.4972,VarianceParTree,zelnik5_y.zip
8,6,30,5,inf,inf,0.1,1.426288366317749,0.3047,3.5878,0.4805,0.2618,0.0014,0.0146,0.0015,0.0201,0.0106,0.2064,0.0201,0.4972,VarianceParTree,zelnik5_y.zip
8,6,30,5,inf,inf,0.2,1.3120639324188232,0.3047,3.5878,0.4805,0.2618,0.0014,0.0146,0.0015,0.0201,0.0106,0.2064,0.0201,0.4972,VarianceParTree,zelnik5_y.zip
8,6,3,50,1000.0,100.0,0.0,1.2221906185150146,0.1897,245.5155,1.2806,0.7441,0.2642,0.6039,0.3903,0.3964,0.4372,0.3626,0.3964,0.4289,VarianceParTree,zelnik5_y.zip
8,6,3,50,1000.0,100.0,0.1,1.067050218582153,0.1897,245.5155,1.2806,0.7441,0.2642,0.6039,0.3903,0.3964,0.4372,0.3626,0.3964,0.4289,VarianceParTree,zelnik5_y.zip
8,6,3,50,1000.0,100.0,0.2,1.2168972492218018,0.1897,245.5155,1.2806,0.7441,0.2642,0.6039,0.3903,0.3964,0.4372,0.3626,0.3964,0.4289,VarianceParTree,zelnik5_y.zip
8,6,3,50,1000.0,20.0,0.0,1.0522267818450928,0.1897,245.5155,1.2806,0.7441,0.2642,0.6039,0.3903,0.3964,0.4372,0.3626,0.3964,0.4289,VarianceParTree,zelnik5_y.zip
8,6,3,50,1000.0,20.0,0.1,1.21830153465271,0.1897,245.5155,1.2806,0.7441,0.2642,0.6039,0.3903,0.3964,0.4372,0.3626,0.3964,0.4289,VarianceParTree,zelnik5_y.zip
8,6,3,50,1000.0,20.0,0.2,1.0657727718353271,0.1897,245.5155,1.2806,0.7441,0.2642,0.6039,0.3903,0.3964,0.4372,0.3626,0.3964,0.4289,VarianceParTree,zelnik5_y.zip
8,6,3,50,1000.0,inf,0.0,1.4383916854858398,0.3047,3.5878,0.4805,0.2618,0.0014,0.0146,0.0015,0.0201,0.0106,0.2064,0.0201,0.4972,VarianceParTree,zelnik5_y.zip
8,6,3,50,1000.0,inf,0.1,1.293509006500244,0.3047,3.5878,0.4805,0.2618,0.0014,0.0146,0.0015,0.0201,0.0106,0.2064,0.0201,0.4972,VarianceParTree,zelnik5_y.zip
8,6,3,50,1000.0,inf,0.2,1.4234516620635986,0.3047,3.5878,0.4805,0.2618,0.0014,0.0146,0.0015,0.0201,0.0106,0.2064,0.0201,0.4972,VarianceParTree,zelnik5_y.zip
8,6,3,50,100.0,20.0,0.0,0.2572176456451416,0.1873,239.6841,1.4755,0.7749,0.383,0.7566,0.5071,0.5122,0.5477,0.481,0.5122,0.5311,VarianceParTree,zelnik5_y.zip
8,6,3,50,100.0,20.0,0.1,0.254493236541748,0.1873,239.6841,1.4755,0.7749,0.383,0.7566,0.5071,0.5122,0.5477,0.481,0.5122,0.5311,VarianceParTree,zelnik5_y.zip
8,6,3,50,100.0,20.0,0.2,0.2564599514007568,0.1873,239.6841,1.4755,0.7749,0.383,0.7566,0.5071,0.5122,0.5477,0.481,0.5122,0.5311,VarianceParTree,zelnik5_y.zip
8,6,3,50,inf,100.0,0.0,1.0718379020690918,0.1897,245.5155,1.2806,0.7441,0.2642,0.6039,0.3903,0.3964,0.4372,0.3626,0.3964,0.4289,VarianceParTree,zelnik5_y.zip
8,6,3,50,inf,100.0,0.1,1.2147777080535889,0.1897,245.5155,1.2806,0.7441,0.2642,0.6039,0.3903,0.3964,0.4372,0.3626,0.3964,0.4289,VarianceParTree,zelnik5_y.zip
8,6,3,50,inf,100.0,0.2,1.066267967224121,0.1897,245.5155,1.2806,0.7441,0.2642,0.6039,0.3903,0.3964,0.4372,0.3626,0.3964,0.4289,VarianceParTree,zelnik5_y.zip
8,6,3,50,inf,20.0,0.0,1.209329605102539,0.1897,245.5155,1.2806,0.7441,0.2642,0.6039,0.3903,0.3964,0.4372,0.3626,0.3964,0.4289,VarianceParTree,zelnik5_y.zip
8,6,3,50,inf,20.0,0.1,1.0869975090026855,0.1897,245.5155,1.2806,0.7441,0.2642,0.6039,0.3903,0.3964,0.4372,0.3626,0.3964,0.4289,VarianceParTree,zelnik5_y.zip
8,6,3,50,inf,20.0,0.2,1.2391607761383057,0.1897,245.5155,1.2806,0.7441,0.2642,0.6039,0.3903,0.3964,0.4372,0.3626,0.3964,0.4289,VarianceParTree,zelnik5_y.zip
8,6,3,50,inf,inf,0.0,1.2868494987487793,0.3047,3.5878,0.4805,0.2618,0.0014,0.0146,0.0015,0.0201,0.0106,0.2064,0.0201,0.4972,VarianceParTree,zelnik5_y.zip
8,6,3,50,inf,inf,0.1,1.42317533493042,0.3047,3.5878,0.4805,0.2618,0.0014,0.0146,0.0015,0.0201,0.0106,0.2064,0.0201,0.4972,VarianceParTree,zelnik5_y.zip
8,6,3,50,inf,inf,0.2,1.2967689037322998,0.3047,3.5878,0.4805,0.2618,0.0014,0.0146,0.0015,0.0201,0.0106,0.2064,0.0201,0.4972,VarianceParTree,zelnik5_y.zip
8,6,3,5,1000.0,100.0,0.0,1.1311759948730469,0.1897,245.5155,1.2806,0.7441,0.2642,0.6039,0.3903,0.3964,0.4372,0.3626,0.3964,0.4289,VarianceParTree,zelnik5_y.zip
8,6,3,5,1000.0,100.0,0.1,1.1488871574401855,0.1897,245.5155,1.2806,0.7441,0.2642,0.6039,0.3903,0.3964,0.4372,0.3626,0.3964,0.4289,VarianceParTree,zelnik5_y.zip
8,6,3,5,1000.0,100.0,0.2,1.1565155982971191,0.1897,245.5155,1.2806,0.7441,0.2642,0.6039,0.3903,0.3964,0.4372,0.3626,0.3964,0.4289,VarianceParTree,zelnik5_y.zip
8,6,3,5,1000.0,20.0,0.0,1.1387262344360352,0.1897,245.5155,1.2806,0.7441,0.2642,0.6039,0.3903,0.3964,0.4372,0.3626,0.3964,0.4289,VarianceParTree,zelnik5_y.zip
8,6,3,5,1000.0,20.0,0.1,1.0667049884796145,0.1897,245.5155,1.2806,0.7441,0.2642,0.6039,0.3903,0.3964,0.4372,0.3626,0.3964,0.4289,VarianceParTree,zelnik5_y.zip
8,6,3,5,1000.0,20.0,0.2,1.1436100006103516,0.1897,245.5155,1.2806,0.7441,0.2642,0.6039,0.3903,0.3964,0.4372,0.3626,0.3964,0.4289,VarianceParTree,zelnik5_y.zip
8,6,3,5,1000.0,inf,0.0,1.4402194023132324,0.3047,3.5878,0.4805,0.2618,0.0014,0.0146,0.0015,0.0201,0.0106,0.2064,0.0201,0.4972,VarianceParTree,zelnik5_y.zip
8,6,3,5,1000.0,inf,0.1,1.2676568031311035,0.3047,3.5878,0.4805,0.2618,0.0014,0.0146,0.0015,0.0201,0.0106,0.2064,0.0201,0.4972,VarianceParTree,zelnik5_y.zip
8,6,3,5,1000.0,inf,0.2,1.4406373500823977,0.3047,3.5878,0.4805,0.2618,0.0014,0.0146,0.0015,0.0201,0.0106,0.2064,0.0201,0.4972,VarianceParTree,zelnik5_y.zip
8,6,3,5,100.0,20.0,0.0,0.2650778293609619,0.1873,239.6841,1.4755,0.7749,0.383,0.7566,0.5071,0.5122,0.5477,0.481,0.5122,0.5311,VarianceParTree,zelnik5_y.zip
8,6,3,5,100.0,20.0,0.1,0.2513480186462402,0.1873,239.6841,1.4755,0.7749,0.383,0.7566,0.5071,0.5122,0.5477,0.481,0.5122,0.5311,VarianceParTree,zelnik5_y.zip
8,6,3,5,100.0,20.0,0.2,0.2480781078338623,0.1873,239.6841,1.4755,0.7749,0.383,0.7566,0.5071,0.5122,0.5477,0.481,0.5122,0.5311,VarianceParTree,zelnik5_y.zip
8,6,3,5,inf,100.0,0.0,1.0770471096038818,0.1897,245.5155,1.2806,0.7441,0.2642,0.6039,0.3903,0.3964,0.4372,0.3626,0.3964,0.4289,VarianceParTree,zelnik5_y.zip
8,6,3,5,inf,100.0,0.1,1.190479040145874,0.1897,245.5155,1.2806,0.7441,0.2642,0.6039,0.3903,0.3964,0.4372,0.3626,0.3964,0.4289,VarianceParTree,zelnik5_y.zip
8,6,3,5,inf,100.0,0.2,1.106292724609375,0.1897,245.5155,1.2806,0.7441,0.2642,0.6039,0.3903,0.3964,0.4372,0.3626,0.3964,0.4289,VarianceParTree,zelnik5_y.zip
8,6,3,5,inf,20.0,0.0,1.2075157165527344,0.1897,245.5155,1.2806,0.7441,0.2642,0.6039,0.3903,0.3964,0.4372,0.3626,0.3964,0.4289,VarianceParTree,zelnik5_y.zip
8,6,3,5,inf,20.0,0.1,1.0628046989440918,0.1897,245.5155,1.2806,0.7441,0.2642,0.6039,0.3903,0.3964,0.4372,0.3626,0.3964,0.4289,VarianceParTree,zelnik5_y.zip
8,6,3,5,inf,20.0,0.2,1.2086000442504885,0.1897,245.5155,1.2806,0.7441,0.2642,0.6039,0.3903,0.3964,0.4372,0.3626,0.3964,0.4289,VarianceParTree,zelnik5_y.zip
8,6,3,5,inf,inf,0.0,1.311352252960205,0.3047,3.5878,0.4805,0.2618,0.0014,0.0146,0.0015,0.0201,0.0106,0.2064,0.0201,0.4972,VarianceParTree,zelnik5_y.zip
8,6,3,5,inf,inf,0.1,1.4358670711517334,0.3047,3.5878,0.4805,0.2618,0.0014,0.0146,0.0015,0.0201,0.0106,0.2064,0.0201,0.4972,VarianceParTree,zelnik5_y.zip
8,6,3,5,inf,inf,0.2,1.3135077953338623,0.3047,3.5878,0.4805,0.2618,0.0014,0.0146,0.0015,0.0201,0.0106,0.2064,0.0201,0.4972,VarianceParTree,zelnik5_y.zip
8,8,30,50,1000.0,100.0,0.0,1.4532413482666016,0.2549,310.8254,1.8357,0.7827,0.3388,0.862,0.5154,0.5217,0.6241,0.4482,0.5217,0.4792,VarianceParTree,zelnik5_y.zip
8,8,30,50,1000.0,100.0,0.1,1.5751044750213623,0.2549,310.8254,1.8357,0.7827,0.3388,0.862,0.5154,0.5217,0.6241,0.4482,0.5217,0.4792,VarianceParTree,zelnik5_y.zip
8,8,30,50,1000.0,100.0,0.2,1.6107244491577148,0.2549,310.8254,1.8357,0.7827,0.3388,0.862,0.5154,0.5217,0.6241,0.4482,0.5217,0.4792,VarianceParTree,zelnik5_y.zip
8,8,30,50,1000.0,20.0,0.0,1.452826976776123,0.2549,310.8254,1.8357,0.7827,0.3388,0.862,0.5154,0.5217,0.6241,0.4482,0.5217,0.4792,VarianceParTree,zelnik5_y.zip
8,8,30,50,1000.0,20.0,0.1,1.554833173751831,0.2549,310.8254,1.8357,0.7827,0.3388,0.862,0.5154,0.5217,0.6241,0.4482,0.5217,0.4792,VarianceParTree,zelnik5_y.zip
8,8,30,50,1000.0,20.0,0.2,1.5696890354156494,0.2549,310.8254,1.8357,0.7827,0.3388,0.862,0.5154,0.5217,0.6241,0.4482,0.5217,0.4792,VarianceParTree,zelnik5_y.zip
8,8,30,50,1000.0,inf,0.0,1.8001604080200195,0.2996,3.5605,0.4816,0.2662,0.0021,0.0205,0.0022,0.0277,0.0148,0.2074,0.0277,0.4958,VarianceParTree,zelnik5_y.zip
8,8,30,50,1000.0,inf,0.1,1.9035608768463133,0.2996,3.5605,0.4816,0.2662,0.0021,0.0205,0.0022,0.0277,0.0148,0.2074,0.0277,0.4958,VarianceParTree,zelnik5_y.zip
8,8,30,50,1000.0,inf,0.2,1.9621639251708984,0.2996,3.5605,0.4816,0.2662,0.0021,0.0205,0.0022,0.0277,0.0148,0.2074,0.0277,0.4958,VarianceParTree,zelnik5_y.zip
8,8,30,50,100.0,20.0,0.0,0.3488979339599609,0.2718,333.4553,2.0185,0.7934,0.3653,0.9335,0.5544,0.5601,0.6758,0.4782,0.5601,0.5006,VarianceParTree,zelnik5_y.zip
8,8,30,50,100.0,20.0,0.1,0.3478853702545166,0.2718,333.4553,2.0185,0.7934,0.3653,0.9335,0.5544,0.5601,0.6758,0.4782,0.5601,0.5006,VarianceParTree,zelnik5_y.zip
8,8,30,50,100.0,20.0,0.2,0.3271875381469726,0.2718,333.4553,2.0185,0.7934,0.3653,0.9335,0.5544,0.5601,0.6758,0.4782,0.5601,0.5006,VarianceParTree,zelnik5_y.zip
8,8,30,50,inf,100.0,0.0,1.4276697635650637,0.2549,310.8254,1.8357,0.7827,0.3388,0.862,0.5154,0.5217,0.6241,0.4482,0.5217,0.4792,VarianceParTree,zelnik5_y.zip
8,8,30,50,inf,100.0,0.1,1.5479516983032229,0.2549,310.8254,1.8357,0.7827,0.3388,0.862,0.5154,0.5217,0.6241,0.4482,0.5217,0.4792,VarianceParTree,zelnik5_y.zip
8,8,30,50,inf,100.0,0.2,1.578599214553833,0.2549,310.8254,1.8357,0.7827,0.3388,0.862,0.5154,0.5217,0.6241,0.4482,0.5217,0.4792,VarianceParTree,zelnik5_y.zip
8,8,30,50,inf,20.0,0.0,1.4420461654663086,0.2549,310.8254,1.8357,0.7827,0.3388,0.862,0.5154,0.5217,0.6241,0.4482,0.5217,0.4792,VarianceParTree,zelnik5_y.zip
8,8,30,50,inf,20.0,0.1,1.582974195480347,0.2549,310.8254,1.8357,0.7827,0.3388,0.862,0.5154,0.5217,0.6241,0.4482,0.5217,0.4792,VarianceParTree,zelnik5_y.zip
8,8,30,50,inf,20.0,0.2,1.6025006771087646,0.2549,310.8254,1.8357,0.7827,0.3388,0.862,0.5154,0.5217,0.6241,0.4482,0.5217,0.4792,VarianceParTree,zelnik5_y.zip
8,8,30,50,inf,inf,0.0,1.7946059703826904,0.2996,3.5605,0.4816,0.2662,0.0021,0.0205,0.0022,0.0277,0.0148,0.2074,0.0277,0.4958,VarianceParTree,zelnik5_y.zip
8,8,30,50,inf,inf,0.1,1.9334094524383545,0.2996,3.5605,0.4816,0.2662,0.0021,0.0205,0.0022,0.0277,0.0148,0.2074,0.0277,0.4958,VarianceParTree,zelnik5_y.zip
8,8,30,50,inf,inf,0.2,1.965977430343628,0.2996,3.5605,0.4816,0.2662,0.0021,0.0205,0.0022,0.0277,0.0148,0.2074,0.0277,0.4958,VarianceParTree,zelnik5_y.zip
8,8,30,5,1000.0,100.0,0.0,1.5452518463134766,0.2549,310.8254,1.8357,0.7827,0.3388,0.862,0.5154,0.5217,0.6241,0.4482,0.5217,0.4792,VarianceParTree,zelnik5_y.zip
8,8,30,5,1000.0,100.0,0.1,1.5888729095458984,0.2549,310.8254,1.8357,0.7827,0.3388,0.862,0.5154,0.5217,0.6241,0.4482,0.5217,0.4792,VarianceParTree,zelnik5_y.zip
8,8,30,5,1000.0,100.0,0.2,1.4595394134521484,0.2549,310.8254,1.8357,0.7827,0.3388,0.862,0.5154,0.5217,0.6241,0.4482,0.5217,0.4792,VarianceParTree,zelnik5_y.zip
8,8,30,5,1000.0,20.0,0.0,1.58168363571167,0.2549,310.8254,1.8357,0.7827,0.3388,0.862,0.5154,0.5217,0.6241,0.4482,0.5217,0.4792,VarianceParTree,zelnik5_y.zip
8,8,30,5,1000.0,20.0,0.1,1.5900416374206543,0.2549,310.8254,1.8357,0.7827,0.3388,0.862,0.5154,0.5217,0.6241,0.4482,0.5217,0.4792,VarianceParTree,zelnik5_y.zip
8,8,30,5,1000.0,20.0,0.2,1.455315113067627,0.2549,310.8254,1.8357,0.7827,0.3388,0.862,0.5154,0.5217,0.6241,0.4482,0.5217,0.4792,VarianceParTree,zelnik5_y.zip
8,8,30,5,1000.0,inf,0.0,1.9418463706970213,0.2996,3.5605,0.4816,0.2662,0.0021,0.0205,0.0022,0.0277,0.0148,0.2074,0.0277,0.4958,VarianceParTree,zelnik5_y.zip
8,8,30,5,1000.0,inf,0.1,1.9493656158447263,0.2996,3.5605,0.4816,0.2662,0.0021,0.0205,0.0022,0.0277,0.0148,0.2074,0.0277,0.4958,VarianceParTree,zelnik5_y.zip
8,8,30,5,1000.0,inf,0.2,1.8116428852081297,0.2996,3.5605,0.4816,0.2662,0.0021,0.0205,0.0022,0.0277,0.0148,0.2074,0.0277,0.4958,VarianceParTree,zelnik5_y.zip
8,8,30,5,100.0,20.0,0.0,0.3305552005767822,0.2718,333.4553,2.0185,0.7934,0.3653,0.9335,0.5544,0.5601,0.6758,0.4782,0.5601,0.5006,VarianceParTree,zelnik5_y.zip
8,8,30,5,100.0,20.0,0.1,0.3269002437591553,0.2718,333.4553,2.0185,0.7934,0.3653,0.9335,0.5544,0.5601,0.6758,0.4782,0.5601,0.5006,VarianceParTree,zelnik5_y.zip
8,8,30,5,100.0,20.0,0.2,0.3571510314941406,0.2718,333.4553,2.0185,0.7934,0.3653,0.9335,0.5544,0.5601,0.6758,0.4782,0.5601,0.5006,VarianceParTree,zelnik5_y.zip
8,8,30,5,inf,100.0,0.0,1.5418188571929932,0.2549,310.8254,1.8357,0.7827,0.3388,0.862,0.5154,0.5217,0.6241,0.4482,0.5217,0.4792,VarianceParTree,zelnik5_y.zip
8,8,30,5,inf,100.0,0.1,1.5339303016662598,0.2549,310.8254,1.8357,0.7827,0.3388,0.862,0.5154,0.5217,0.6241,0.4482,0.5217,0.4792,VarianceParTree,zelnik5_y.zip
8,8,30,5,inf,100.0,0.2,1.4303531646728516,0.2549,310.8254,1.8357,0.7827,0.3388,0.862,0.5154,0.5217,0.6241,0.4482,0.5217,0.4792,VarianceParTree,zelnik5_y.zip
8,8,30,5,inf,20.0,0.0,1.5747673511505127,0.2549,310.8254,1.8357,0.7827,0.3388,0.862,0.5154,0.5217,0.6241,0.4482,0.5217,0.4792,VarianceParTree,zelnik5_y.zip
8,8,30,5,inf,20.0,0.1,1.5949525833129885,0.2549,310.8254,1.8357,0.7827,0.3388,0.862,0.5154,0.5217,0.6241,0.4482,0.5217,0.4792,VarianceParTree,zelnik5_y.zip
8,8,30,5,inf,20.0,0.2,1.4949352741241455,0.2549,310.8254,1.8357,0.7827,0.3388,0.862,0.5154,0.5217,0.6241,0.4482,0.5217,0.4792,VarianceParTree,zelnik5_y.zip
8,8,30,5,inf,inf,0.0,1.9297738075256348,0.2996,3.5605,0.4816,0.2662,0.0021,0.0205,0.0022,0.0277,0.0148,0.2074,0.0277,0.4958,VarianceParTree,zelnik5_y.zip
8,8,30,5,inf,inf,0.1,1.932553768157959,0.2996,3.5605,0.4816,0.2662,0.0021,0.0205,0.0022,0.0277,0.0148,0.2074,0.0277,0.4958,VarianceParTree,zelnik5_y.zip
8,8,30,5,inf,inf,0.2,1.8313796520233157,0.2996,3.5605,0.4816,0.2662,0.0021,0.0205,0.0022,0.0277,0.0148,0.2074,0.0277,0.4958,VarianceParTree,zelnik5_y.zip
8,8,3,50,1000.0,100.0,0.0,1.5633015632629397,0.2549,310.8254,1.8357,0.7827,0.3388,0.862,0.5154,0.5217,0.6241,0.4482,0.5217,0.4792,VarianceParTree,zelnik5_y.zip
8,8,3,50,1000.0,100.0,0.1,1.4333913326263428,0.2549,310.8254,1.8357,0.7827,0.3388,0.862,0.5154,0.5217,0.6241,0.4482,0.5217,0.4792,VarianceParTree,zelnik5_y.zip
8,8,3,50,1000.0,100.0,0.2,1.5634236335754397,0.2549,310.8254,1.8357,0.7827,0.3388,0.862,0.5154,0.5217,0.6241,0.4482,0.5217,0.4792,VarianceParTree,zelnik5_y.zip
8,8,3,50,1000.0,20.0,0.0,1.5831072330474854,0.2549,310.8254,1.8357,0.7827,0.3388,0.862,0.5154,0.5217,0.6241,0.4482,0.5217,0.4792,VarianceParTree,zelnik5_y.zip
8,8,3,50,1000.0,20.0,0.1,1.4276745319366455,0.2549,310.8254,1.8357,0.7827,0.3388,0.862,0.5154,0.5217,0.6241,0.4482,0.5217,0.4792,VarianceParTree,zelnik5_y.zip
8,8,3,50,1000.0,20.0,0.2,1.569807052612305,0.2549,310.8254,1.8357,0.7827,0.3388,0.862,0.5154,0.5217,0.6241,0.4482,0.5217,0.4792,VarianceParTree,zelnik5_y.zip
8,8,3,50,1000.0,inf,0.0,1.9218502044677732,0.2996,3.5605,0.4816,0.2662,0.0021,0.0205,0.0022,0.0277,0.0148,0.2074,0.0277,0.4958,VarianceParTree,zelnik5_y.zip
8,8,3,50,1000.0,inf,0.1,1.7818622589111328,0.2996,3.5605,0.4816,0.2662,0.0021,0.0205,0.0022,0.0277,0.0148,0.2074,0.0277,0.4958,VarianceParTree,zelnik5_y.zip
8,8,3,50,1000.0,inf,0.2,1.8907172679901123,0.2996,3.5605,0.4816,0.2662,0.0021,0.0205,0.0022,0.0277,0.0148,0.2074,0.0277,0.4958,VarianceParTree,zelnik5_y.zip
8,8,3,50,100.0,20.0,0.0,0.3284535408020019,0.2718,333.4553,2.0185,0.7934,0.3653,0.9335,0.5544,0.5601,0.6758,0.4782,0.5601,0.5006,VarianceParTree,zelnik5_y.zip
8,8,3,50,100.0,20.0,0.1,0.3374586105346679,0.2718,333.4553,2.0185,0.7934,0.3653,0.9335,0.5544,0.5601,0.6758,0.4782,0.5601,0.5006,VarianceParTree,zelnik5_y.zip
8,8,3,50,100.0,20.0,0.2,0.3396680355072021,0.2718,333.4553,2.0185,0.7934,0.3653,0.9335,0.5544,0.5601,0.6758,0.4782,0.5601,0.5006,VarianceParTree,zelnik5_y.zip
8,8,3,50,inf,100.0,0.0,1.5642836093902588,0.2549,310.8254,1.8357,0.7827,0.3388,0.862,0.5154,0.5217,0.6241,0.4482,0.5217,0.4792,VarianceParTree,zelnik5_y.zip
8,8,3,50,inf,100.0,0.1,1.428760051727295,0.2549,310.8254,1.8357,0.7827,0.3388,0.862,0.5154,0.5217,0.6241,0.4482,0.5217,0.4792,VarianceParTree,zelnik5_y.zip
8,8,3,50,inf,100.0,0.2,1.5858945846557615,0.2549,310.8254,1.8357,0.7827,0.3388,0.862,0.5154,0.5217,0.6241,0.4482,0.5217,0.4792,VarianceParTree,zelnik5_y.zip
8,8,3,50,inf,20.0,0.0,1.5884103775024414,0.2549,310.8254,1.8357,0.7827,0.3388,0.862,0.5154,0.5217,0.6241,0.4482,0.5217,0.4792,VarianceParTree,zelnik5_y.zip
8,8,3,50,inf,20.0,0.1,1.422856092453003,0.2549,310.8254,1.8357,0.7827,0.3388,0.862,0.5154,0.5217,0.6241,0.4482,0.5217,0.4792,VarianceParTree,zelnik5_y.zip
8,8,3,50,inf,20.0,0.2,1.5868306159973145,0.2549,310.8254,1.8357,0.7827,0.3388,0.862,0.5154,0.5217,0.6241,0.4482,0.5217,0.4792,VarianceParTree,zelnik5_y.zip
8,8,3,50,inf,inf,0.0,1.9494075775146484,0.2996,3.5605,0.4816,0.2662,0.0021,0.0205,0.0022,0.0277,0.0148,0.2074,0.0277,0.4958,VarianceParTree,zelnik5_y.zip
8,8,3,50,inf,inf,0.1,1.801215887069702,0.2996,3.5605,0.4816,0.2662,0.0021,0.0205,0.0022,0.0277,0.0148,0.2074,0.0277,0.4958,VarianceParTree,zelnik5_y.zip
8,8,3,50,inf,inf,0.2,1.9422147274017332,0.2996,3.5605,0.4816,0.2662,0.0021,0.0205,0.0022,0.0277,0.0148,0.2074,0.0277,0.4958,VarianceParTree,zelnik5_y.zip
8,8,3,5,1000.0,100.0,0.0,1.4956567287445068,0.2549,310.8254,1.8357,0.7827,0.3388,0.862,0.5154,0.5217,0.6241,0.4482,0.5217,0.4792,VarianceParTree,zelnik5_y.zip
8,8,3,5,1000.0,100.0,0.1,1.4872591495513916,0.2549,310.8254,1.8357,0.7827,0.3388,0.862,0.5154,0.5217,0.6241,0.4482,0.5217,0.4792,VarianceParTree,zelnik5_y.zip
8,8,3,5,1000.0,100.0,0.2,1.503572940826416,0.2549,310.8254,1.8357,0.7827,0.3388,0.862,0.5154,0.5217,0.6241,0.4482,0.5217,0.4792,VarianceParTree,zelnik5_y.zip
8,8,3,5,1000.0,20.0,0.0,1.4750454425811768,0.2549,310.8254,1.8357,0.7827,0.3388,0.862,0.5154,0.5217,0.6241,0.4482,0.5217,0.4792,VarianceParTree,zelnik5_y.zip
8,8,3,5,1000.0,20.0,0.1,1.5340919494628906,0.2549,310.8254,1.8357,0.7827,0.3388,0.862,0.5154,0.5217,0.6241,0.4482,0.5217,0.4792,VarianceParTree,zelnik5_y.zip
8,8,3,5,1000.0,20.0,0.2,1.506223201751709,0.2549,310.8254,1.8357,0.7827,0.3388,0.862,0.5154,0.5217,0.6241,0.4482,0.5217,0.4792,VarianceParTree,zelnik5_y.zip
8,8,3,5,1000.0,inf,0.0,1.799518346786499,0.2996,3.5605,0.4816,0.2662,0.0021,0.0205,0.0022,0.0277,0.0148,0.2074,0.0277,0.4958,VarianceParTree,zelnik5_y.zip
8,8,3,5,1000.0,inf,0.1,1.940558195114136,0.2996,3.5605,0.4816,0.2662,0.0021,0.0205,0.0022,0.0277,0.0148,0.2074,0.0277,0.4958,VarianceParTree,zelnik5_y.zip
8,8,3,5,1000.0,inf,0.2,1.904326677322388,0.2996,3.5605,0.4816,0.2662,0.0021,0.0205,0.0022,0.0277,0.0148,0.2074,0.0277,0.4958,VarianceParTree,zelnik5_y.zip
8,8,3,5,100.0,20.0,0.0,0.3203871250152588,0.2718,333.4553,2.0185,0.7934,0.3653,0.9335,0.5544,0.5601,0.6758,0.4782,0.5601,0.5006,VarianceParTree,zelnik5_y.zip
8,8,3,5,100.0,20.0,0.1,0.3938791751861572,0.2718,333.4553,2.0185,0.7934,0.3653,0.9335,0.5544,0.5601,0.6758,0.4782,0.5601,0.5006,VarianceParTree,zelnik5_y.zip
8,8,3,5,100.0,20.0,0.2,0.3317797183990478,0.2718,333.4553,2.0185,0.7934,0.3653,0.9335,0.5544,0.5601,0.6758,0.4782,0.5601,0.5006,VarianceParTree,zelnik5_y.zip
8,8,3,5,inf,100.0,0.0,1.4322481155395508,0.2549,310.8254,1.8357,0.7827,0.3388,0.862,0.5154,0.5217,0.6241,0.4482,0.5217,0.4792,VarianceParTree,zelnik5_y.zip
8,8,3,5,inf,100.0,0.1,1.577977180480957,0.2549,310.8254,1.8357,0.7827,0.3388,0.862,0.5154,0.5217,0.6241,0.4482,0.5217,0.4792,VarianceParTree,zelnik5_y.zip
8,8,3,5,inf,100.0,0.2,1.5679185390472412,0.2549,310.8254,1.8357,0.7827,0.3388,0.862,0.5154,0.5217,0.6241,0.4482,0.5217,0.4792,VarianceParTree,zelnik5_y.zip
8,8,3,5,inf,20.0,0.0,1.4332315921783447,0.2549,310.8254,1.8357,0.7827,0.3388,0.862,0.5154,0.5217,0.6241,0.4482,0.5217,0.4792,VarianceParTree,zelnik5_y.zip
8,8,3,5,inf,20.0,0.1,1.5739097595214844,0.2549,310.8254,1.8357,0.7827,0.3388,0.862,0.5154,0.5217,0.6241,0.4482,0.5217,0.4792,VarianceParTree,zelnik5_y.zip
8,8,3,5,inf,20.0,0.2,1.5807123184204102,0.2549,310.8254,1.8357,0.7827,0.3388,0.862,0.5154,0.5217,0.6241,0.4482,0.5217,0.4792,VarianceParTree,zelnik5_y.zip
8,8,3,5,inf,inf,0.0,1.7849979400634766,0.2996,3.5605,0.4816,0.2662,0.0021,0.0205,0.0022,0.0277,0.0148,0.2074,0.0277,0.4958,VarianceParTree,zelnik5_y.zip
8,8,3,5,inf,inf,0.1,1.946812629699707,0.2996,3.5605,0.4816,0.2662,0.0021,0.0205,0.0022,0.0277,0.0148,0.2074,0.0277,0.4958,VarianceParTree,zelnik5_y.zip
8,8,3,5,inf,inf,0.2,1.920349359512329,0.2996,3.5605,0.4816,0.2662,0.0021,0.0205,0.0022,0.0277,0.0148,0.2074,0.0277,0.4958,VarianceParTree,zelnik5_y.zip
